N <- 1000
y <- 
c(0.18908731102444, -1.12350143730766, -1.55647578219598,
0.846661820863136, -2.10035765593436, 0.812501624989088, -2.08737542939518,
-0.065048084990402, -1.20465905579476, 1.51409547627214,
-0.353958041205816, -0.673804571558305, -1.46257041923824,
0.000862437807733984, 1.20683463467099, -2.13398214685741,
-1.60605282350424, -0.567353967259065, 0.583717504170201,
0.750562319822638, -0.823470069489772, 3.13337565449823,
-0.622259255923636, -1.93952533818787, 1.71503641988925, 1.7687150669493,
0.545225745297006, -1.95624941131941, -2.12708672275016, 0.740632199633843,
-0.563768680590069, 2.15032591389269, -0.212253580889505,
0.245307927867941, 0.0183696570100443, -2.08068981939494,
-0.787927163589011, 1.37452310399839, 0.824303739483676,
-0.810920462317185, -1.39961694275338, -0.326682522918652,
-1.24105352760859, -1.65114824585266, 0.859124741258826, -1.35409232993039,
-1.73172824881775, 1.89504440844425, 0.762533514748423, 1.5110214046934,
-0.639604722224192, 0.561234675188195, -1.28657013091643,
-1.41267606296825, -1.05379508329226, -0.79099023607074, 0.586985382101981,
-2.81258084446978, -0.150750102303425, 0.228549721038722, 0.17189415053133,
-1.2807883494527, -1.34901840596777, 1.81429868271409, -2.35881537589061,
-0.140020142695397, -2.74321736104745, -0.351344394199828,
-0.945695910589155, -2.21410658028636, 0.425638775082691, 0.75079404021666,
-1.45137134025281, 2.77322214893534, -1.04526164316741, -0.764365159197586,
-0.788450455964137, -1.60613987474146, -0.556505315875102,
-1.60815111622338, -1.88406161445208, -0.926928532388152,
-1.24721980594018, 0.258684557906762, 0.351587256224984, -1.62694282566529,
0.518872088252494, -1.20539517066136, 1.31788988362601, -0.664088197734216,
-0.862547218082764, 2.57388126075701, -0.914701444302464,
-2.12528576375337, 1.35933054223892, 0.852270697862802, -1.67425823320335,
-0.404230688820354, -2.68738921677433, -0.409725455705052,
-0.332387573587089, 0.57404528930479, 1.22641602535888, -1.94623731413363,
-0.607059593390886, 1.86721387607284, -1.24293169410565, -2.66820431321868,
-1.85314815547099, -0.0303090142735309, -0.878426846393074,
-0.0922337649127875, -2.0207980315534, 0.268601696709923,
-1.08025120794243, -0.563951363436107, -2.32111622805762,
-0.910642662805665, 1.45853997484154, -1.51975768691581,
-0.913532997952581, 1.42526510430246, -1.88701152201528, -1.35083546114645,
-0.184430786229314, -0.113317076397497, -0.768243002898433,
0.581126997539057, -0.302138458642944, 0.169976591242871,
-0.696987308115322, 0.276280496532057, -0.0716065182641311,
1.63338079256822, -1.24550240275403, 0.307646155276161, -2.2091721452706,
-1.63191078035021, 0.489324948661287, 1.92087344397412, 1.26016975358064,
-0.884615123745089, -0.490869122292233, -0.577265296165887,
-0.529414030195678, 0.353585632160717, -0.617941934695653,
-1.02852920580108, 0.339754549353972, -1.47551580400211,
-0.755347200367103, 0.151460662669368, -0.0371141940448144,
1.44183748139236, -1.4596591233441, 0.905429746070901, -1.1196433325813,
2.74228722701, -1.08043148004376, -0.154716429319458, -1.02452826472173,
0.82617939253175, 0.606367438867026, -0.636458249829864, 2.47079179261962,
-1.24258286943495, -0.741066347197719, 2.17971328618841, 0.659923153985741,
-1.27225140081445, 0.240501590484782, 1.14340137253309, -1.928331770224,
0.0700014365149867, 1.02128909919262, 0.611913838828726,
-0.875894042350928, -0.494727759597177, -0.77399482509693,
-2.58822821333442, -2.73847134082126, 0.470314870118397, -2.58774354330156,
-2.46014259708268, 0.910766058063056, -0.349183225631921,
-1.36174097708467, 2.51567019789109, -1.04669930796363, -0.231777364529346,
2.00967123776691, 0.670340554813991, 0.182905587400525, 0.616462589978863,
-0.383650156543378, -2.69702629388762, 0.387752660166632,
-0.740588370751966, -0.0556563771035943, 0.611286337083086,
0.886799905306678, 0.814402976764067, 0.608175499743627,
-0.465620442787817, 0.891195422182225, -0.282948368586475,
1.40998174971881, 0.950400217956416, 1.08609103229498, 0.44250100751092,
-0.59484844799421, 0.548431963150546, -0.841677343932977,
0.741484361666264, -1.02020027355362, -1.64958676344709, -1.56983986774437,
-0.774950992786259, 0.0834232875643824, -0.502522608256956,
-0.584839734304358, 0.522944528478513, 1.32784279940473, 0.314627846475779,
-1.33126615928368, -1.99728637109391, 1.08850044289573, -1.82977050630331,
-0.690035084729163, 0.0540472639706511, 1.12673747508606, 2.06993080663927,
-1.04253936018281, 0.948571695452706, -0.72814377576024, 4.04620202746777,
-1.06275908003558, -1.11642150877888, -1.91244156485761, 4.44908667137524,
-0.131275337747596, 0.168496194635974, -0.10675975616298,
0.794516208899968, -0.117861476939321, -0.35037913628078,
0.873059371886943, -0.308128254745406, 1.13969856280025, 0.685608310252517,
0.0985386944157761, -0.758300090307172, 1.84945781156265,
0.375718587203432, -0.117896298265696, 0.366354817023964,
-1.88489857346778, -0.0656612082883827, 2.40783813298422, 1.45394634995645,
-1.18052672033819, -2.28469178102218, 0.919261260539697, 1.20644822739653,
0.661888962199797, -0.625591662767267, 2.39739949835914, 1.7500297942619,
0.688575676416685, -1.1101562267253, 0.596147402636056, 0.144732253622844,
-0.835399201343553, -2.30313987675894, -1.06039209243007,
0.533410537243479, -1.24132186716288, 0.20637093395916, -0.738770734832918,
0.622669799848813, 2.23678140377571, 2.28988712295671, 1.39100230926925,
0.291843431361044, -1.13674944752209, -0.646458407172811,
-1.89740130171987, -1.19646203904705, -0.387345261971343,
-0.0325198833203747, 0.441685742640946, -0.818120330112041,
0.753707990450439, 0.98423715957135, 1.1189581228712, -1.15352111235354,
0.89789286628474, -1.20578589660613, 0.451913323789747, 2.28978966804295,
-0.220135944098157, -1.96466999101161, 0.2695383147922, -1.26921438175773,
1.4648011578397, -2.10891217561143, 0.259552311394874, 0.820458509287476,
-0.505207740796829, 1.01338792957139, 0.990531681428992, 1.16634466930512,
1.76290782713877, -2.7408915698197, 2.17294498645136, -2.06526384455381,
0.60986137669222, -1.26669921845631, -0.110744464203143, -1.47383542247965,
-3.21694880210961, 1.11759562346834, 0.963584467782817, 0.825084543535694,
-1.01600837225437, -0.2248552048584, -0.194358134925857, 0.957674747121253,
-0.905396176906399, -1.18595560132766, -3.03548632459408,
-1.08480591290221, -1.3307625091565, -0.0941822272799272,
0.448071337370053, 0.693025761787572, -1.26302095661112, 0.166681568253402,
-0.236664257474716, -1.30452600517692, 1.00133159500927, -2.39575973406556,
0.125579715516326, -0.687081452462307, 0.985597073556743,
0.975280860220963, 2.07493944892774, -2.28611654865624, 0.610734300288884,
-0.811678204781537, 1.73154780497145, 0.824283370910738, 1.57480843381525,
0.368840125923685, -1.76512148134326, -1.01853742928724, -1.94546763501088,
-1.71429851270078, 0.445180368602356, 0.744914549120686, 0.461315770854177,
0.364611426987721, -0.994337053379287, -0.540319946306594, -1.671599081465,
-0.490233929544551, 0.143639163060694, 1.33960631578342, 1.55756559986696,
0.916277640094598, -0.365589979089035, 0.290936847573836,
-0.866625157947887, 0.392386939819372, -0.632958496808271,
-1.65191252000228, -1.12361972407148, 1.67382770022307, 0.708931249804386,
-0.17184029587406, -1.23679180028448, -1.65840938529718,
-0.672832383138323, 0.451827791077927, -0.834954702970737,
-0.222399290334223, 0.750972417163421, -1.42252902291189,
-1.77103443777149, -2.24004985443133, 0.0659569775602489,
0.780768245779776, -1.3880523298469, -0.395185512361465, -0.53662387552384,
-1.59344902344207, -1.13446268541881, 1.11576601444232, 0.744061632399095,
-0.788523687034827, 1.10047065230461, -0.78622678733623, -2.10320946771796,
-1.54573778679827, -1.74840565750384, -0.0051541355908683,
-0.420890485885331, 1.57133781543774, -2.18032055405093,
-0.402588287188661, 1.2572162962318, -1.93750863090327, -1.11356367071636,
0.40094813700299, 2.27721913098911, 0.834251898745988, -0.511733839996979,
