N <- 100
y <- 
c(1.96501144171816, 2.92251659223084, 2.43592240392344,
-0.0459569033140999, -1.86497057770029, 3.30398206446857,
-2.30049207023673, -0.787790099388688, 2.20806548564842, -3.79531656043826,
-2.33222270730368, -3.48586826276564, -3.98968184793676, -2.79509036295896,
-3.4624489925215, -1.74982736929767, 3.87922959371254, -0.568131348088989,
-2.66056440670431, -3.65165769772508, -1.23986549667735, 2.37753024907542,
-1.31249347967735, -1.93432950942487, -2.10894354933954, -2.55222491507178,
-2.80929761736946, 4.07057513742873, -2.71556271137605, -2.66619510914502,
-2.54706470406823, -2.06703413175796, 1.04888498727115, -1.48104653391224,
-3.10511610926085, -4.26643006655945, -2.46309977142462, 2.37846144610794,
3.69676031927419, -2.83624222888864, 1.94637197349403, -2.553691931469,
3.58549124973395, -1.66561592473129, -2.57457614795983, -2.99749599027734,
-2.29158713205544, -2.832339974555, -3.25453083221901, -2.47731321529716,
0.958345170536669, 0.614919949522018, -3.24773341836593, -1.62827772160224,
-2.54154240136113, -1.75106143029164, 3.66293450500611, 2.06325076408496,
3.42882079977367, -4.97470839973118, -1.72221742519104, -4.18570517333358,
-1.09856454782708, 2.78837605685164, -2.47297924048129, 1.82010034961661,
-2.39342300395259, 2.78341285012788, -4.4075188165215, 2.90507749798157,
-2.08875830402408, -3.34123442521984, 1.7032711662892, 3.22507418078772,
-2.76215914427548, -4.7740027440433, 1.95879203353131, -3.53334277752245,
-1.78728654429888, -2.47931027887358, -3.4037970858907, -4.29896062643358,
-1.67076060879917, -1.80279072738709, -3.1780511499016, 1.56099601822462,
-1.9780175534234, 2.5094738257408, 3.83864702278501, 3.14767767931448,
-1.03422412903742, -2.74173227516682, 4.05516308648847, -4.29333088390943,
-3.23009399704322, -3.59202843647429, -1.90217948286927, -2.7046355553821,
3.23945090064919, -2.41148854940089)
