N <- 100
t <- 
c(0, 0.1, 0.2, 0.3, 0.4, 0.5, 0.6, 0.7, 0.8, 0.9, 1, 1.1, 1.2, 1.3, 1.4, 1.5, 1.6, 1.7, 1.8, 1.9, 2,
2.1, 2.2, 2.3, 2.4, 2.5, 2.6, 2.7, 2.8, 2.9, 3, 3.1, 3.2, 3.3, 3.4, 3.5, 3.6, 3.7, 3.8, 3.9, 4, 4.1, 4.2,
4.3, 4.4, 4.5, 4.6, 4.7, 4.8, 4.9, 5, 5.1, 5.2, 5.3, 5.4, 5.5, 5.6, 5.7, 5.8, 5.9, 6, 6.1, 6.2, 6.3, 6.4,
6.5, 6.6, 6.7, 6.8, 6.9, 7, 7.1, 7.2, 7.3, 7.4, 7.5, 7.6, 7.7, 7.8, 7.9, 8, 8.1, 8.2, 8.3, 8.4, 8.5, 8.6,
8.7, 8.8, 8.9, 9, 9.1, 9.2, 9.3, 9.4, 9.5, 9.6, 9.7, 9.8, 9.9, 10)
N_obs <- 20
obs_idx <- 
c(2, 4, 15, 18, 20, 24, 28, 29, 36, 37, 63, 66, 67, 68, 69, 76, 87, 89, 91, 96)
t_obs <- 
c(0.1, 0.3, 1.4, 1.7, 1.9, 2.3, 2.7, 2.8, 3.5, 3.6, 6.2, 6.5, 6.6, 6.7, 6.8, 7.5, 8.6, 8.8, 9,
9.5)
y_obs <- 
c(-4.58965224346234, -3.17013185448053, 1.6353231622607, 2.51292998301565, 3.50981496173713,
2.71206272586706, 2.39734593573314, 2.30226886520425, 2.78315123160792, 3.0065759931764, 6.93056716204688,
7.01894696311414, 7.03223244700765, 6.09414531329367, 5.53637282341646, 6.00318547533316,
7.07919511459026, 5.76548710303584, 7.15906914048496, 8.76744683537137)
sigma <- 0.25
