mu <- 7.25141975505333
gamma <- 0.37610806638771
tau <- 1.62926281237245
x0 <- -5.32260500082894
x <- 
c(-5.32260500082894, -4.70915451904487, -4.15769701183392, -3.20436650455944, -2.82918845624748,
-2.09619389184243, -1.57262687149813, -0.93191983016357, -0.66617831414655, -0.18677970068905,
0.350357028481084, 0.581540084025609, 0.892734706064653, 1.10329891888318, 1.23902189687801,
1.71783790414441, 1.7906931868758, 2.27808579954201, 2.90350769815159, 3.37004704369832, 3.1037047371695,
3.0105824064914, 2.99851155333012, 2.86144986696186, 2.89896704412134, 3.22477834992652, 2.69877308103099,
2.61087156812739, 2.50967797576858, 3.06095670100397, 3.24402824020009, 2.78970469519727,
2.97214370592485, 2.65118487079223, 2.81502784808723, 2.91663003241303, 3.17354086211314,
3.80936651475442, 3.72981768281242, 4.46148014915764, 4.87448736137525, 5.02033746149444,
5.41583868517074, 5.57535052482193, 5.28917836261339, 5.65414896521325, 5.72444701651575,
5.94224466126494, 6.07149462621038, 6.1758892241321, 5.38726200328381, 5.31334097627495, 5.95737128314956,
6.31108373031559, 6.43812989270809, 6.76993501831911, 6.46377605135141, 6.12891642673866,
6.17200946271707, 6.28128788458742, 6.63025213198659, 6.90236647136795, 7.28430685077578,
7.61671001217923, 7.09486381111984, 6.92927057371255, 6.77938588390149, 6.4448412031014, 5.88862647551562,
5.8164080966743, 6.22707637446345, 5.71142220865149, 6.04048812628403, 5.6265300470843, 6.13739148523697,
5.89708844453831, 5.56547582777831, 5.19360114958139, 4.98284799896966, 5.40530368872111, 5.4074913278677,
5.54151557330699, 6.31163539233271, 5.87072525330329, 6.13096781099868, 6.50920380184776,
6.71285036595916, 6.4272083142516, 5.88850447742203, 6.15467403870622, 6.97965100106344, 7.18055956370376,
7.31074261598788, 7.66343487046265, 7.90842294901422, 8.59257959235675, 8.33128025076669,
8.51296350579298, 7.78426584113161, 7.8451246525951, 8.23326900732587)
