N2 <- 110
x2 <- 
c(70.3655933716835, 80.5431493287334, 76.6037984505916, 61.6987686374241, 72.5062596542205,
71.7813182854541, 62.9456756806678, 72.3162565047866, 61.5470490975239, 76.1992730109878, 80.5813285068702,
58.516980589403, 78.0429758655509, 71.6216448752287, 61.6996348772801, 78.8466109658578, 75.9156576894796,
77.1353118008561, 74.0004722830088, 83.7039455972207, 65.265235225924, 68.3647645527557, 84.8283121381352,
76.3379811180465, 91.39635249278, 81.7370252283456, 67.8183219291668, 82.2612685932103, 77.5122745796691,
72.8092671783278, 72.5298215915168, 65.7704658333581, 64.7822478508825, 57.8113036018094, 83.7355912540121,
64.2659776846412, 56.1142371278935, 82.3748716231381, 83.5723775917348, 76.8407277320003, 60.4719198102676,
69.5454704075258, 64.4372108034113, 82.6566758960632, 81.400685831105, 60.9095963628323, 74.0629368030991,
83.060195982678, 71.7509473278588, 74.4220700355824, 93.9629627833975, 52.802413387286, 68.4441366719012,
74.5187390288048, 80.0503946571847, 56.6116950992494, 81.4588159631822, 73.1633517878584, 68.5618861127159,
73.7803034005473, 70.877082998883, 79.2336886392898, 67.3791678065195, 63.5970179740933, 70.4590190432089,
73.0833805105999, 66.9135421820158, 72.7700878978464, 72.2731789089336, 78.9576668678475, 68.3305635822613,
62.6464735278115, 72.923133492779, 84.0235496354615, 70.5997653610441, 57.815969368913, 70.3287710804636,
69.6229159384556, 74.7470385626997, 69.1758644786978, 90.4144224878034, 70.526370873671, 67.822073174423,
70.0024026639259, 70.8004487851262, 66.606370856714, 73.2592537083232, 70.389224669608, 70.5979251027226,
92.4393453797475, 83.4092159186323, 75.90547656618, 70.4342508797671, 61.5451890075582, 79.6753191899208,
62.6961708505411, 79.5073489314664, 65.8378664361837, 82.5511695305516, 73.1436658156045, 60.0608636964123,
69.6548127907706, 72.292956587705, 61.3452256001089, 61.270045352753, 62.8591573689144, 79.02281017211,
64.8218599727619, 79.6209225211559, 74.2463675916247)
y2 <- 
c(4.90677763271925, 10.8228652584389, 8.83520004526023, 6.74037784136535, 9.53368782484437,
9.92953859810922, 5.68886933684897, 6.1664707015072, 7.20316224390924, 6.93625879285548, 9.09838927487886,
6.11584464837268, 7.71162288990612, 9.56014214687563, 7.09268246182795, 7.98554799123685, 6.5068637682195,
7.96410525011779, 6.29417596985034, 8.73569857955282, 9.33208411044243, 6.24147362319023, 6.62512320154088,
7.86416764276457, 8.03553324410134, 9.01765856876312, 5.13974948344567, 4.89073379133743, 5.08017656524122,
5.48747492240338, 5.09286397388445, 6.15279439136146, 5.38394939483538, 6.69623778346138, 9.28210738872727,
7.03686384197391, 2.64972770128497, 9.3775853958019, 5.54341088413047, 7.37365818360133, 6.46028791045606,
8.26172881012118, 7.72446220771051, 6.83833347410609, 7.32423845197213, 6.49329437391296, 7.64343847464162,
7.10396459451819, 9.02365762058114, 8.26122443557873, 9.03405224032698, 6.0955024772779, 7.54643981419827,
8.34400411910703, 11.2220647709058, 4.76893199214287, 8.86240405080579, 8.52192645066057, 7.20537624423428,
7.48094918701782, 8.4778506092695, 8.47221669037819, 7.10754520878453, 3.63230758655852, 7.42267459175175,
8.23227187651509, 6.01873922452534, 6.5678942041155, 9.93964277921552, 8.69621163261909, 7.64195998194839,
6.56836704614284, 7.64421490238507, 6.91598997394595, 6.17058220825807, 6.13878418399871, 6.39007233920802,
4.6204709747918, 7.74624517145727, 10.9719866022641, 9.44535903853032, 6.50826908059091, 6.80994073705606,
7.0931865276814, 8.27886068914048, 6.95200432223841, 6.71995716297538, 7.32717528620484, 9.52602503301664,
6.59851730095299, 7.51939338272487, 6.93618793966363, 6.62856102225875, 6.17631142704647, 11.1368628418977,
7.48126645321374, 8.10288551442809, 4.64341462185509, 6.18092466712823, 6.84799018910452, 6.30809719736228,
6.89070646305369, 6.38589137385211, 5.82137906315751, 6.07911376909107, 5.85471469983066, 6.7627638756399,
8.07869371652729, 6.27385613657828, 8.27759787201437)
