N2 <- 111
x2 <- 
c(72.5062596542205, 71.7813182854541, 62.9456756806678, 72.3162565047866, 61.5470490975239,
76.1992730109878, 80.5813285068702, 58.516980589403, 78.0429758655509, 71.6216448752287, 61.6996348772801,
78.8466109658578, 75.9156576894796, 77.1353118008561, 74.0004722830088, 83.7039455972207, 65.265235225924,
68.3647645527557, 84.8283121381352, 76.3379811180465, 91.39635249278, 81.7370252283456, 67.8183219291668,
82.2612685932103, 54.382555969393, 59.3798348858766, 57.0711291883098, 67.8561952368694, 63.4151769500983,
83.7355912540121, 64.2659776846412, 56.1142371278935, 77.1374976868715, 54.1011708105045, 68.6336215134039,
73.5431546328551, 64.4372108034113, 82.6566758960632, 62.1199417380572, 65.6676174857109, 73.4530005466281,
72.0100671901821, 63.4501566952722, 82.1779213100059, 75.5892276837722, 68.3853675998541, 68.4441366719012,
74.5187390288048, 80.0503946571847, 56.6116950992494, 81.4588159631822, 73.1633517878584, 68.5618861127159,
73.7803034005473, 70.877082998883, 79.2336886392898, 67.3791678065195, 63.5970179740933, 70.4590190432089,
73.0833805105999, 66.9135421820158, 72.7700878978464, 72.2731789089336, 78.9576668678475, 68.3305635822613,
62.6464735278115, 72.923133492779, 84.0235496354615, 70.5997653610441, 57.815969368913, 70.3287710804636,
69.6229159384556, 72.2075703894785, 96.5370522805604, 72.6513131880188, 67.822073174423, 70.0024026639259,
70.8004487851262, 66.606370856714, 73.2592537083232, 70.389224669608, 70.5979251027226, 92.4393453797475,
83.4092159186323, 75.90547656618, 70.4342508797671, 61.5451890075582, 79.6753191899208, 78.1786681003118,
70.5868970081692, 65.5673903860241, 65.8378664361837, 82.5511695305516, 73.1436658156045, 60.0608636964123,
69.6548127907706, 72.292956587705, 61.3452256001089, 61.270045352753, 62.8591573689144, 79.02281017211,
64.8218599727619, 79.6209225211559, 74.2463675916247, 75.5732752531668, 71.2115343045687, 84.9667769455059,
72.5167479640768, 55.7294655966298, 58.1021178662456, 75.0793141982387)
y2 <- 
c(10.175154072275, 10.7262934076709, 5.37123163943683, 5.6957023297383, 7.43226215672113,
6.59199445105239, 9.32824857208135, 6.08544890130463, 7.56399282118263, 10.2394670522723, 7.28026295163934,
7.90238202264769, 6.02922003160824, 7.93068205744912, 5.80969459865481, 8.7408903305002, 10.1438427545415,
5.92706787193079, 5.88880726831476, 7.82397556148163, 7.5501106531111, 9.1822524812264, 4.47823859098974,
9.71359717312887, 5.68811338270607, 6.1668714294598, 4.64865895253123, 5.46632421477389, 7.51704636957536,
9.4684640151837, 7.12157145636917, 7.65920112258052, 10.4725961774117, 6.39676223271292, 4.64530784385049,
7.02151043139361, 8.03111004712302, 9.47804520168174, 8.20353492407159, 4.4773463682607, 7.98239007480939,
9.7391999249481, 6.44262696380599, 9.00126112428639, 12.548662861916, 8.00730517433962, 7.66215076939732,
8.52370955394911, 12.1769333249902, 4.35733494790989, 8.98449875127732, 8.80559025246928, 7.20408941782295,
7.39824524430135, 8.82233105888587, 8.53824178112311, 7.11292604038884, 2.61269185885357, 7.43070849815889,
8.4223342778491, 5.678690715198, 6.21536334540415, 10.7236151690978, 8.84598902002789, 7.79309561791971,
6.55146547604908, 7.64419577278252, 6.30364756713439, 5.75834634769885, 6.13899132139664, 6.05970262170173,
7.71262153133509, 6.80818613535044, 14.4948086501337, 10.6132409707507, 6.7020166020081, 7.00699255881389,
8.55981070817818, 6.9313794166058, 6.40167160967361, 7.30582300621497, 10.2276306194059, 5.59781516752552,
7.1288167833838, 6.60168781109852, 6.37384109728063, 6.06613034071134, 10.1993744500258, 4.47859279758324,
6.1128197142153, 6.59205428419329, 3.8835395687036, 5.37280426012678, 6.57609320779435, 6.29036315720323,
6.74884583846423, 5.98878332208855, 5.60051447319085, 5.94589414330738, 5.59479008205503, 6.26656578996759,
8.48997418927901, 5.59484620624371, 8.44424345283727, 7.66106856202365, 6.7189951948252, 10.9558428717049,
5.71766909354177, 3.84571473536345, 7.61983562030293, 6.21657175051575)
