N1 <- 105
x1 <- 
c(4.89622575879072, 36.7460343534442, 29.3613958533654, 49.0117026902643, 9.55251070124882,
25.3068503130274, 6.88588312400275, 55.0428055382137, 94.2336030075113, 16.3116426415584, 37.8106215133006,
26.0660238400321, 52.0239487637202, 37.8480159540045, 30.8732261066336, 40.6246850462206, 44.5883959695209,
14.4379352387552, 12.6690263476883, 24.8655250693105, 26.6552016660986, 14.4652152377784, 30.5465710804925,
83.8150790479674, 14.2229689283671, 19.2816382700211, 78.217854369531, 80.2401580418638, 7.66316815093343,
13.4420162709158, 18.5539312965402, 42.6623822635537, 46.8993468743727, 37.8699848562488, 32.4067913263938,
6.73381840076614, 28.1525382335537, 55.2711693950731, 6.26821889725504, 19.1831670228865, 19.0630828796156,
44.6222634645421, 59.1637129599258, 4.77392873643814, 26.6065489721939, 52.7652273282669, 23.7054431301347,
52.2025861560753, 27.1700661409026, 22.4960401432489, 59.378929297278, 22.2197941033382, 5.08796660917371,
6.71988246921169, 33.9772889098506, 23.6284937257938, 33.2555216872807, 22.8043996602042, 42.7790272426796,
7.16524627354566, 36.7931605552798, 37.3297227746028, 6.46111705832774, 25.2832117709698, 48.5037031678588,
35.4298669103718, 25.0432484187201, 38.5678228893106, 35.1436828341905, 43.7547290211025, 34.981978421275,
90.9651188514389, 65.1498459480366, 21.4147815276989, 15.3278143618468, 10.4535167355409, 21.3807214350287,
18.5905107311197, 11.4937837447146, 13.6337040816678, 83.0504237056192, 49.1391810789772, 45.6843099516343,
19.8563321439181, 12.7295336136347, 7.24341729394958, 18.9630987387495, 6.40375233023604, 10.9355683218793,
58.9380590950898, 13.7925491022975, 75.4246752390984, 5.10603669740573, 13.7180853628738, 21.644722456126,
14.0849047296735, 33.8281775399419, 59.9224858903593, 12.2728845980401, 30.5899812556828, 18.0093027806121,
29.9860465538227, 54.386507400827, 34.0710398350394, 79.5166336374759)
y1 <- 
c(0.199140027788334, 4.4328255803715, 1.44290051805907, 5.55993713458305, 1.65275491937374,
1.60520215967596, 0.410950374011854, 8.24947517321056, 9.98017123961704, 1.64447649880477, 4.63459761619602,
3.00321249532069, 4.6644317440821, 1.83955631401639, 1.50312802719067, 4.33409222246632, 4.43526698433313,
1.81020509757423, 0.768491148691858, 2.52277291882645, 1.83849100225169, 1.41954881603912, 3.67366933051789,
8.5388170155459, 2.45701900246582, 1.48454950000152, 8.25045550217991, 7.83405788013451, 0.781014127877854,
0.937073536497973, 1.63121258074903, 3.88234273520098, 4.28029347270197, 5.12083821393432, 2.49896936288402,
0.443929953104836, 2.73784222332217, 4.82026364822461, 0.921547462285546, 1.93280519548918, 0.873168020289372,
4.67805951408675, 5.56428981360597, 0.471241678068856, 2.03646768347403, 3.77092773345137, 1.64215115245811,
5.48466351545137, 2.34537780361967, 2.39167770351111, 4.9247173301439, 5.06480519511879, 0.276781891498014,
0.376256219587989, 2.99432457415299, 3.34385471929829, 2.20314934436006, 2.23083278337745, 3.8932667906352,
0.185161404157507, 3.85629456150081, 4.26365222707551, 0.875727197357166, 2.74286931879972, 3.86924823042219,
2.61449954460785, 2.45215700971789, 3.99577375015027, 3.41629497322194, 3.40160825375401, 4.46207319950323,
7.57143269156245, 9.28296351755703, 2.14003069295585, 1.46662690524965, 2.46143884369641, 2.40215659286734,
1.69669009639943, 1.44363157293437, 1.09426704895168, 7.80739117306259, 3.91701969141604, 3.75037264353883,
3.41063276428689, 0.474880763861893, 0.38203043141026, 1.97016897358384, 0.445688288563235, 1.58908907156767,
6.42660478779016, 0.526580199104961, 6.69627637451698, 1.16225383937183, 1.77478341796553, 2.01260237808628,
0.918885722560489, 2.95481899894619, 5.75821906109187, 1.00965162611002, 2.51152954549494, 2.3656224509029,
3.92219202068466, 6.23989757557465, 2.36378128438259, 8.63529100453608)
N2 <- 111
x2 <- 
c(72.5062596542205, 71.7813182854541, 62.9456756806678, 72.3162565047866, 61.5470490975239,
76.1992730109878, 80.5813285068702, 58.516980589403, 78.0429758655509, 71.6216448752287, 61.6996348772801,
78.8466109658578, 75.9156576894796, 77.1353118008561, 74.0004722830088, 83.7039455972207, 65.265235225924,
68.3647645527557, 84.8283121381352, 76.3379811180465, 91.39635249278, 81.7370252283456, 67.8183219291668,
82.2612685932103, 54.382555969393, 59.3798348858766, 57.0711291883098, 67.8561952368694, 63.4151769500983,
83.7355912540121, 64.2659776846412, 56.1142371278935, 77.1374976868715, 54.1011708105045, 68.6336215134039,
73.5431546328551, 64.4372108034113, 82.6566758960632, 62.1199417380572, 65.6676174857109, 73.4530005466281,
72.0100671901821, 63.4501566952722, 82.1779213100059, 75.5892276837722, 68.3853675998541, 68.4441366719012,
74.5187390288048, 80.0503946571847, 56.6116950992494, 81.4588159631822, 73.1633517878584, 68.5618861127159,
73.7803034005473, 70.877082998883, 79.2336886392898, 67.3791678065195, 63.5970179740933, 70.4590190432089,
73.0833805105999, 66.9135421820158, 72.7700878978464, 72.2731789089336, 78.9576668678475, 68.3305635822613,
62.6464735278115, 72.923133492779, 84.0235496354615, 70.5997653610441, 57.815969368913, 70.3287710804636,
69.6229159384556, 72.2075703894785, 96.5370522805604, 72.6513131880188, 67.822073174423, 70.0024026639259,
70.8004487851262, 66.606370856714, 73.2592537083232, 70.389224669608, 70.5979251027226, 92.4393453797475,
83.4092159186323, 75.90547656618, 70.4342508797671, 61.5451890075582, 79.6753191899208, 78.1786681003118,
70.5868970081692, 65.5673903860241, 65.8378664361837, 82.5511695305516, 73.1436658156045, 60.0608636964123,
69.6548127907706, 72.292956587705, 61.3452256001089, 61.270045352753, 62.8591573689144, 79.02281017211,
64.8218599727619, 79.6209225211559, 74.2463675916247, 75.5732752531668, 71.2115343045687, 84.9667769455059,
72.5167479640768, 55.7294655966298, 58.1021178662456, 75.0793141982387)
