N1 <- 200
x1 <- 
c(1.21911880845934, 6.09712863100527, 2.16170738683506, 0.990550988740519, 4.44376363867521, 2.53914347150207,
4.95265354525138, 15.2159583042157, 1.72368570639049, 0.415250558101528, 6.05394600180844, 2.82126908066773,
3.29736820323626, 8.5347649799969, 6.35496068180261, 3.02681869961844, 0.941588408985443, 0.408709085267075,
0.344073075503063, 2.14313317443766, 1.01434537599888, 7.59925887687501, 1.11493430433725, 1.82104834305754,
0.547676312296445, 0.411760596858935, 13.557412985638, 1.95920665525606, 0.0559861742787922, 4.79287666661711,
2.52946834928217, 0.423040211582627, 0.359063175673388, 1.29820289553826, 14.3202079191034, 0.955388212273992,
1.53300023567036, 3.721253875566, 6.98355210524409, 2.36107773271535, 0.293339671341589, 1.96093168518096, 4.48456590244678,
1.03965389002757, 4.89650075476566, 9.37140184841064, 8.26854105438721, 17.5441896056575, 0.540244056566554, 12.857693170781,
6.94430669457904, 5.54985970596889, 2.03123607699219, 1.76227042070704, 3.03168695096734, 13.7886788692043, 3.06174003166766,
1.21978565482344, 6.40773477147614, 5.36301607931286, 7.71259738692697, 10.4400193995941, 2.14392268194318,
0.643007104521009, 4.59574360669851, 9.00898100148523, 1.43003691766378, 2.99294279590183, 2.16021198389079,
0.382147815596213, 3.90422428071385, 2.03600340580399, 7.09675869995204, 2.82401192484366, 3.95570950572394,
3.69671560194443, 2.78842981966442, 1.91205364658705, 3.10809158899486, 2.89440053326359, 1.60515025460929,
0.185048399100955, 0.564846408467413, 1.48452115614492, 10.3271266949406, 1.77947788810156, 0.998768343848407,
8.33445372120832, 10.1709065394773, 1.43961237330431, 13.1958709727772, 2.67554216162009, 1.25404775298446, 1.16839907886194,
1.61147204715256, 2.28429750838067, 3.38111796005528, 0.48613718139997, 1.11576152835838, 3.02826491502357, 4.96359963077303,
2.44428814174853, 2.98224559090072, 1.10389339512369, 3.46638117935617, 3.3236319464225, 2.30743637718071, 4.9526005776889,
9.47183564537692, 3.2581072534942, 3.15060906213442, 0.245098973486688, 0.999955230246973, 0.323109327344122,
7.76824646034158, 1.71534857203631, 2.62616853181985, 1.92560277656623, 8.42103817643176, 0.738894801203818,
1.20079877708063, 0.75770031739851, 0.0855924054027742, 0.731815793164824, 5.68826249411298, 2.36560953513441,
15.06887032124, 1.31280030687671, 0.106125435496703, 2.22499222522407, 1.00781236833526, 3.356621642626, 1.58147075904501,
3.18285236123957, 2.60274866725382, 1.75547232957853, 29.9932403739934, 3.07567527670731, 2.12788424471493, 3.00765053658771,
0.491262450493281, 10.5464764578201, 0.306182556342585, 4.64587299593424, 3.83131937416178, 2.84235504088896,
1.04143801779168, 0.950643003752965, 7.21819358546361, 3.90846312066448, 7.23054430329203, 2.96434268154553,
0.684614156890462, 5.11446334553705, 2.81358413322212, 0.567903562218479, 0.325386653101669, 4.51534521934589,
1.46965860793101, 0.0162053729430345, 4.92411906019513, 7.78119521968413, 0.552118774392055, 6.74887800481008,
9.34261568583757, 1.58094042487069, 0.841266500017555, 0.11584439378036, 0.169549312292344, 1.74686910152151,
0.16580613936276, 0.999243237302861, 2.12574419672593, 2.46481833403431, 1.11538873157846, 6.18687465442405,
2.06663152804946, 6.54068593570468, 2.96398510477498, 1.78319036192276, 1.8549773403065, 9.21865374534227, 1.37169414712643,
3.9165681331898, 5.55599636310612, 1.24271740023208, 1.74220959058645, 2.63012426987161, 3.45349933300762, 1.67630143739084,
1.54440968256764, 8.89918669140844, 10.4313453538344, 3.96125978427504, 2.76403947964882, 0.340027611290074,
8.60004015328581, 1.8519704069559, 0.256599120130978, 3.06660844736688)
y1 <- 
c(1, 0, 0, 1, 0, 1, 1, 1, 0, 0, 1, 1, 1, 1, 1, 0, 1, 0, 0, 1, 0, 1, 1, 0, 0, 0, 1, 1, 0, 1, 1, 0, 0, 1, 1, 1, 0, 1, 1,
0, 0, 1, 1, 1, 1, 1, 1, 1, 1, 1, 0, 1, 1, 1, 1, 1, 1, 0, 1, 1, 1, 1, 1, 0, 1, 1, 0, 1, 0, 0, 1, 0, 1, 1, 1, 1, 0, 0, 1, 1, 0,
0, 1, 0, 1, 0, 0, 1, 1, 1, 1, 1, 1, 0, 0, 1, 1, 0, 1, 1, 0, 1, 1, 1, 1, 1, 1, 1, 1, 1, 1, 0, 0, 0, 1, 1, 0, 0, 1, 0, 0, 0, 0,
1, 1, 1, 1, 0, 1, 1, 0, 1, 0, 1, 1, 1, 1, 1, 1, 1, 0, 1, 1, 0, 1, 0, 1, 0, 1, 1, 1, 1, 0, 1, 1, 1, 0, 1, 1, 0, 1, 1, 1, 1, 1,
1, 0, 0, 0, 0, 0, 1, 1, 1, 0, 1, 1, 1, 1, 1, 0, 1, 1, 1, 1, 1, 1, 1, 1, 1, 0, 1, 1, 1, 1, 0, 1, 0, 0, 1)
N2 <- 175
x2 <- 
c(1.4811175504519, 1.42523230432343, 1.53975993749974, 0.0730499999174653, 1.01580190301033, 1.95723575844773,
2.27850750850297, 0.947224454679529, 0.998917935897375, 0.331009184389719, 1.12293751129731, 0.108688327934914,
0.397002717112627, 1.208578919861, 0.682997272395621, 3.16272535851612, 1.3252552068153, 4.06720325584174, 0.822457111007128,
0.392532770964617, 0.371572280976426, 2.89179399703715, 0.33437768114823, 0.776523842242251, 0.967007280990852,
1.31543975435499, 0.0223654851114205, 0.691116993494384, 1.00812870746114, 0.190930695312037, 0.00978323782386832,
0.263995408096848, 1.87641337252498, 1.83887512596153, 1.98236975735726, 0.548771039984505, 0.052761854149998,
0.397907133655019, 2.68961268933521, 0.388440702825146, 0.954783599137606, 0.987534732002456, 0.386441294114319,
2.6758889277481, 3.15136396569148, 0.619279365860637, 0.280793968896865, 1.3033664514897, 1.08280679327672, 1.06339634659608,
1.11283846610039, 2.23833098754442, 1.5338966257081, 0.504551667489558, 2.34996536847463, 4.09958236572026,
0.660943824378138, 3.09467230137873, 2.38004441476931, 0.474080350662698, 3.07724097010862, 1.63823442315353,
0.545698030103126, 0.844676151598846, 1.67701375316873, 0.740366786291193, 0.168788534848645, 0.339762077137716,
2.02425493352437, 0.0422686711271794, 0.431818806549102, 3.28610031097107, 2.15832362314359, 4.67297448897469,
1.6734381203179, 0.425250550793366, 2.24715380717563, 2.0981405962339, 0.752060900235134, 0.48690645497631, 1.09686029717941,
0.00293695925653737, 1.26928603262897, 1.36106355287258, 1.28092434901215, 0.435369293596361, 1.18278273469092,
0.401466886265345, 0.363423652663347, 0.880333557718111, 0.312053650306074, 0.175481723942361, 0.471904914135121,
1.72562950383443, 1.34317780054441, 2.79479952534242, 0.253072673458848, 0.429432303736899, 0.0684773674468235,
0.12597118426487, 0.553038772695654, 1.09487819118518, 0.0683791195189661, 1.05928369616168, 1.24727913520063,
0.980421875951335, 0.109398883700221, 2.18371988676243, 0.322086845002077, 0.636274028930701, 4.37176169077426,
1.84741898454838, 0.373286802831785, 1.87434796343098, 0.788030333142524, 1.43766838159353, 0.0415122263820474,
4.68452816532474, 0.451523815708653, 0.591551392812997, 1.34438487383234, 0.184336759363404, 2.57005138303295,
0.958704248794771, 0.265270757817, 0.0908371312369811, 0.722691297716605, 1.44348274734264, 2.24425791601016,
2.13943884595294, 1.0784784383075, 7.8726073986368, 0.534624556722913, 1.04267035684986, 0.0253604584196035,
0.325945439944468, 6.4111447110471, 2.60945471349428, 1.28752130250481, 0.122330628076967, 0.416236900889147,
1.34429950838428, 0.313832134089626, 1.67808772961418, 1.24590794663037, 0.704168478351465, 1.95559557410788,
1.84690924435756, 1.21835773219379, 0.816968646277609, 0.44680236127792, 1.35709932640936, 0.795325784696122,
0.378107096811081, 0.958245221831761, 0.681165233057276, 2.07988395732966, 0.580233850470495, 0.584076386113481,
0.964425138766438, 1.9163249740413, 0.322201743956779, 0.139862603921643, 0.353606995286746, 3.64726826531169,
0.353084909975642, 2.13687455397031, 0.998772983707989, 2.55477171665048, 0.183935054560692, 0.0456967119476427,
2.43352325268699, 1.77982045653897, 0.470220962209398, 0.038456264582881)
