N1 <- 1103
x1 <- 
c(0.846610283652322, 4.23411710486477, 1.50118568530212, 0.687882631069805, 3.08594697130223, 1.76329407743199,
3.4393427397579, 10.5666377112609, 1.19700396277118, 0.288368443126061, 4.20412916792253, 1.95921463935259, 2.28983903002518,
5.92692012499784, 4.4131671401407, 2.10195743029059, 0.653880839573224, 0.283825753657691, 0.238939635766016,
1.48828692669282, 0.704406511110334, 5.27726310894098, 0.774259933567533, 1.26461690490107, 0.380330772428087,
0.285944858929816, 9.41487012891524, 1.36056017726115, 0.0388792876936057, 3.32838657403966, 1.75657524255706,
0.293777924710158, 0.249349427550964, 0.901529788568236, 9.94458883271069, 0.663464036301383, 1.06458349699331,
2.58420408025416, 4.84968896197507, 1.63963731438566, 0.203708105098326, 1.361758114709, 3.11428187669915, 0.721981868074701,
3.40034774636504, 6.50791795028517, 5.74204239888, 12.1834650039288, 0.375169483726774, 8.92895359082011, 4.82243520456878,
3.85406924025617, 1.41058060902235, 1.22379890326878, 2.10533816039399, 9.57547143694742, 2.12620835532476,
0.847073371405166, 4.4498158135251, 3.72431672174504, 5.35597040758817, 7.25001347194032, 1.48883519579388,
0.446532711472923, 3.19148861576285, 6.25623680658697, 0.993081192822072, 2.07843249715405, 1.50014721103527,
0.26538042749737, 2.71126686160684, 1.41389125403055, 4.92830465274447, 1.96111939225254, 2.74702049008607, 2.56716361246141,
1.93640959698918, 1.32781503235212, 2.15839693680199, 2.01000037032194, 1.11468767681201, 0.128505832708996,
0.392254450324592, 1.03091746954508, 7.17161576037539, 1.23574853340386, 0.693589127672505, 5.78781508417245,
7.06312954130371, 0.999730814794663, 9.16379928665086, 1.85801539001395, 0.870866495128099, 0.811388249209683,
1.11907781052261, 1.58631771415324, 2.34799858337173, 0.33759526486109, 0.774834394693317, 2.10296174654415,
3.44694418803683, 1.6974223206587, 2.07100388256995, 0.766592635502565, 2.40720915233067, 2.30807774057118, 1.60238637304216,
3.4393059567284, 6.57766364262286, 2.26257448159319, 2.18792295981557, 0.170207620476866, 0.694413354338176,
0.224381477322307, 5.39461559745943, 1.19121428613633, 1.82372814709712, 1.33722415039322, 5.84794317807761,
0.513121389724874, 0.833888039639325, 0.526180775971187, 0.0594391704185932, 0.508205411920016, 3.95018228757846,
1.6427843993989, 10.4644932786389, 0.911666879775491, 0.0736982190949324, 1.54513348973894, 0.699869700232823,
2.33098725182361, 1.09824358267015, 2.2103141397497, 1.8074643522596, 1.21907800665176, 20.8286391486065, 2.13588560882452,
1.47769739216315, 2.08864620596369, 0.341154479509223, 7.32394198459726, 0.212626775237906, 3.226300691621, 2.66063845427901,
1.973857667284, 0.723220845688667, 0.660168752606226, 5.01263443434973, 2.71421050046144, 5.02121132173058, 2.05857130662884,
0.475426497840599, 3.55171065662295, 1.95387787029314, 0.394377473762832, 0.225962953542826, 3.13565640232353,
1.02059625550764, 0.0112537312104406, 3.41952712513551, 5.40360779144731, 0.383415815550038, 4.68672083667367,
6.48792755960942, 1.09787529504909, 0.584212847234413, 0.0804474956808057, 0.117742577980794, 1.21310354272327,
0.11514315233525, 0.693918914793654, 1.47621124772634, 1.71167939863494, 0.774575508040597, 4.29644073223892,
1.43516078336768, 4.54214301090603, 2.05832298942707, 1.23832664022414, 1.28817870854618, 6.40184287870991,
0.952565379948911, 2.71983898138181, 3.85833080771259, 0.862998194605614, 1.20986777124059, 1.82647518741084,
2.39826342569974, 1.16409822041031, 1.0725067240053, 6.17999075792253, 7.2439898290517, 2.750874850191, 1.91947186086724,
0.236130285618107, 5.97225010644848, 1.28609056038604, 0.17819383342429, 2.12958919956033, 3.08566156344147,
2.96923396734047, 3.20783320312445, 0.152187499828053, 2.11625396460485, 4.0775744967661, 4.74689064271451, 1.97338428058235,
2.08107903311953, 0.689602467478581, 2.33945314853605, 0.226434016531071, 0.82708899398464, 2.51787274971042,
1.42291098415754, 6.58901116357525, 2.76094834753187, 8.47334011633696, 1.71345231459818, 0.817776606176285,
0.774108918700887, 6.02457082716072, 0.696620169058813, 1.61775800467136, 2.01459850206427, 2.74049948823956,
0.0465947606487928, 1.43982706977997, 2.10026814054403, 0.397772281900078, 0.0203817454663923, 0.549990433535101,
3.9091945260937, 3.83098984575318, 4.12993699449428, 1.14327299996772, 0.109920529479163, 0.828973195114624,
5.60335976944835, 0.809251464219053, 1.98913249820335, 2.05736402500512, 0.805086029404832, 5.5747685994752,
6.56534159519059, 1.29016534554299, 0.584987435201803, 2.71534677393688, 2.25584748599317, 2.2154090554085, 2.31841347104247,
4.6631895573842, 3.19561797022521, 1.05114930726991, 4.89576118432215, 8.54079659525055, 1.37696630078779, 6.44723396120569,
4.95842586410273, 0.987667397213953, 6.4109186877263, 3.41298838156985, 1.13687089604818, 1.7597419824976, 3.49377865243486,
1.54243080477332, 0.351642780934677, 0.707837660703576, 4.21719777817576, 0.0880597315149571, 0.899622513643963,
6.84604231452307, 4.4965075482158, 9.73536351869728, 3.48632941732895, 0.885938647486179, 4.68157043161589, 4.37112624215396,
1.56679354215653, 1.01438844786731, 2.28512561912378, 0.00611866511778618, 2.64434590131036, 2.83554906848454,
2.66859239377531, 0.907019361659084, 2.46413069727275, 0.836389346386135, 0.757132609715306, 1.83402824524606,
0.650111771470988, 0.365586924879918, 0.983135237781502, 3.59506146632172, 2.79828708446752, 5.82249901113005,
0.527234736372601, 0.894650632785206, 0.142661182180882, 0.262439967218479, 1.15216410978261, 2.28099623163578,
0.142456498997846, 2.20684103367016, 2.59849819833465, 2.04254557489861, 0.227914341042127, 4.54941643075506,
0.671014260420993, 1.32557089360563, 9.10783685577971, 3.84878955114247, 0.777680839232885, 3.9048915904812,
1.64172986071359, 2.99514246165318, 0.0864838049625988, 9.75943367775988, 0.940674616059694, 1.23239873502708,
2.80080182048404, 0.384034915340425, 5.35427371465199, 1.99730051832244, 0.55264741211875, 0.189244023410377,
1.50560687024293, 3.0072557236305, 4.67553732502116, 4.45716426240196, 2.2468300798073, 16.4012654138267, 1.1138011598394,
2.17222991010387, 0.0528342883741739, 0.679052999884309, 13.3565514813481, 5.43636398644641, 2.68233604688502,
0.254855475160348, 0.867160210185722, 2.80062397580058, 0.653816946020053, 3.49601610336288, 2.59564155547993,
1.46701766323222, 4.07415744605809, 3.84772759241158, 2.53824527540373, 1.70201801307835, 0.930838252662333,
2.82729026335283, 1.65692871811692, 0.787723118356419, 1.9963442121495, 1.41909423553599, 4.33309157777013, 1.20882052181353,
1.21682580440309, 2.00921903909675, 3.99234369591938, 0.67125363324329, 0.291380424836757, 0.736681240180722,
7.59847555273268, 0.735593562449254, 4.45182198743815, 2.08077704939164, 5.32244107635517, 0.383198030334775,
0.0952014832242556, 5.06984010976455, 3.70795928445618, 0.979627004602913, 0.0801172178810022, 2.96358310452683,
3.74482268731498, 2.55547299598886, 2.30448577335662, 0.968999449993193, 0.221977330613556, 4.28688607479341,
1.70105292414865, 7.85910758102683, 1.59800729275178, 2.49150310611981, 0.966508461206356, 4.0580305161102, 11.4981539862631,
2.21030628414343, 0.680649474066701, 0.0290497587404028, 2.15618721098203, 0.360586672197075, 2.91607325596216,
7.22967457666412, 0.659757727704235, 10.7347307011105, 2.04658953122721, 1.1197805635098, 4.26012113906673,
0.599686849095956, 0.264645373356687, 0.786667780318594, 1.96303112620536, 2.50283199597015, 4.11650399188873,
0.00514606826387628, 1.47474846600356, 2.07653286929655, 3.06100747241348, 2.54705646939057, 3.50615184623517,
1.76202890639562, 5.36528641710727, 5.10998482035575, 3.3038268802687, 0.941458755638941, 0.670606989618921,
2.41670401130703, 10.9509093810877, 1.43056027570918, 5.16180369000602, 0.468955371507265, 1.64562342157447,
0.463548554130975, 1.4902451762908, 2.89132210260302, 0.805738128439236, 0.340193167416023, 5.38164176855885,
0.68771272483627, 1.15347772122191, 0.935905286051324, 5.52684142925471, 4.4121768214585, 0.478739037190142,
