N2 <- 42
x2 <- 
c(0.0451254608015635, 1.19027840611164, 2.85181962713651, 3.22547119551567, 2.1944765749533,
2.29239784054956, 0.771094216983792, 1.01754094767012, 0.974755898206205, 0.384938626736797,
2.96636564655952, 1.07616280542416, 3.66302504335679, 3.39423851173231, 2.03817424349739,
2.69511310636619, 6.39992435434437, 0.963124780442531, 5.48239165907251, 1.66346524058268,
0.515517600960485, 0.789263081482183, 2.11010640734345, 4.4087356668618, 0.342179954521056,
1.63857519131539, 1.16889174134298, 4.36339798414121, 3.77119039903658, 3.33900532435292,
0.156832911307233, 0.617089758875444, 2.98197041739685, 0.0676475061815897, 2.09427095172907,
5.79584689231518, 1.31065610942312, 4.85243783753434, 2.96943526685454, 1.74383268209207, 5.9535530008105,
7.2109208156415)
y2 <- 
c(-2.66164701491787, -0.866772678444617, -0.572310839816114, -2.48854377233915, 3.69240104480359,
2.97810645218717, -1.50100164910617, -0.476724086457037, -0.914810035088198, -3.1063789687256,
-2.14588596057077, -0.673150918110395, -3.77955362459806, -3.9433486845795, 3.1211053383894,
-0.409896643698405, -2.26360313282745, -0.739190938222778, 1.74911543194111, 2.56580351354643,
-3.34550446098081, -1.78107846595072, 2.33612270242018, 0.29562628945089, -3.09190903150082,
2.91079053986579, 0.198584189110804, 0.297071148666349, -1.66931009747186, -3.07523073271122,
-2.57528656344567, -2.70482358907894, -1.72729074173055, -1.44106724377705, 3.13810390066968,
0.853109720624025, 1.07988827866277, 2.36124210561406, -1.08495837923255, 2.67333921664465,
-0.612064156115029, -0.758721683473374)
