N1 <- 45
x1 <- 
c(8.81940097942412, 2.06213600344197, 9.90801810384242, 0.191712936613389, 6.82718992565681,
6.72734050012719, 1.39784885580419, 4.04997795275324, 2.29347363451437, 9.68202024356171,
9.17697829158051, 3.53910059405614, 6.86889532987261, 8.71994557320854, 1.76186962589658,
8.98897060800878, 0.587952519098258, 7.23324945758071, 9.24154282769779, 2.36635074648362,
5.36406462607419, 4.97495906792883, 1.9675392607266, 6.42453137902063, 2.73235922445678, 3.44883174477123,
6.47284671508931, 4.99808420885133, 1.49169014221307, 3.73485539629942, 3.63909575294807,
4.05831784429743, 7.69652019343373, 3.39694510779217, 4.9991458421231, 2.32308047347931, 5.87762049654283,
6.24484743320238, 5.40615495523872, 9.21903901865583, 9.66120328328734, 5.43714966047316,
7.02265269772528, 3.86467779630902, 5.02938955208636)
y1 <- 
c(1.18743418428156, 2.26749569176996, -1.14017684791331, -2.26355803087714, -2.38622057755367,
-2.87170615683684, 1.56838295205475, -1.31593636201419, 2.29359274430771, -3.57970536219697,
-1.50785044904635, -2.59902010164106, -3.24908894600682, 2.16198300087392, 3.28611537583669,
-0.0465645287977076, -2.7537334198966, -1.03344141396175, -1.06232982375697, 2.0724759126971,
1.94724918498104, 3.13459505399544, 2.73501319246915, -2.6789251191732, -0.208397770138755,
-3.99312386312911, -2.62831939857745, 2.96268913079661, 2.42690210536593, -3.05783379522122,
-2.92531877971048, -1.35407457147659, 1.73676078566977, -4.00336959741998, 2.87758227460072,
1.8055182348636, 0.376413582175264, -1.47348455412084, 2.06069980810072, -1.24738697750763,
-2.77650492795921, 1.745533244303, -2.36048675467279, -1.72654053806665, 2.15173109418481)
N2 <- 42
x2 <- 
c(0.0451254608015635, 1.19027840611164, 2.85181962713651, 3.22547119551567, 2.1944765749533,
2.29239784054956, 0.771094216983792, 1.01754094767012, 0.974755898206205, 0.384938626736797,
2.96636564655952, 1.07616280542416, 3.66302504335679, 3.39423851173231, 2.03817424349739,
2.69511310636619, 6.39992435434437, 0.963124780442531, 5.48239165907251, 1.66346524058268,
0.515517600960485, 0.789263081482183, 2.11010640734345, 4.4087356668618, 0.342179954521056,
1.63857519131539, 1.16889174134298, 4.36339798414121, 3.77119039903658, 3.33900532435292,
0.156832911307233, 0.617089758875444, 2.98197041739685, 0.0676475061815897, 2.09427095172907,
5.79584689231518, 1.31065610942312, 4.85243783753434, 2.96943526685454, 1.74383268209207, 5.9535530008105,
7.2109208156415)
