N1 <- 75
x1 <- 
c(0.90432445564368, 2.42599420222314, 2.10534564711827, 1.22492381630744, 2.30965794869703,
4.3570687819542, 2.44029484440679, 1.69031057967878, 1.40352526103486, 3.25728612633266, 2.69291982865026,
2.2650262233197, 2.70540794517428, 1.01190549376126, 1.93423037197099, 5.2542916408445, 1.95860464529842,
1.23523775106664, 1.09224271400581, 1.65404545720021, 1.23999705524352, 3.5046390368563, 3.17466791957809,
1.03084829030117, 2.84723753127621, 1.10273859301774, 0.778910263186603, 2.09965273930686, 3.63958281022471,
0.588947720187854, 2.6391950251499, 0.504481915629186, 2.17651680041342, 1.40887900679709, 1.90980398144495,
7.00316663202452, 1.44356949620349, 2.19409800005075, 1.71581529859573, 3.51267039795094, 0.949320477992137,
3.18393436621999, 2.30803036327982, 3.0066583877174, 1.91995354901443, 3.57985042886111, 4.58803919295439,
0.523053007736449, 2.04167719157932, 1.14576590802816, 2.03933205074942, 2.96038168455555, 4.72336191315122,
2.86396556824915, 4.7065210230044, 1.00812223884675, 1.32015153420161, 2.42724707966638, 1.87068405484629,
0.580189005293129, 2.05750932289327, 1.53699291125035, 1.35051550573379, 1.41222982160042, 1.16065956936809,
3.19204579953928, 4.31188066184317, 2.44425834205946, 4.000624708676, 2.67958356558433, 3.36479529780993,
0.912474057160502, 2.75889383756976, 2.14353160655444, 2.58473241991268)
y1 <- 
c(-1.10642421524779, 1.17825333512165, 2.62208305596938, 0.345430761251245, 2.25639178994741,
0.523680291381601, 1.63133297318255, 2.99590457760258, 1.3858802188097, -2.33531330648922, 0.336690649981944,
2.93081865526129, 0.490108905782992, -0.855613005427093, 2.92941016288087, 2.39895976461937, 3.15206947641106,
0.355532305372355, -0.599438112108008, 1.92865811835757, 0.583005583129267, -3.23392026951096,
-2.18825021541791, -0.685187483971692, -0.45336548517819, -0.624613164337775, -1.45689505534389,
3.00829386416851, -3.80425212274046, -2.2332788783362, 0.95579083342503, -2.36552504792921, 2.68331895207139,
2.07085637456591, 2.79867401136134, -1.86096654653255, 1.74235072621723, 1.38873025960075, 2.51263918885332,
-3.28111124774401, -0.813795068367031, -2.73114454298132, 2.53595243694836, -1.56124249106732, 3.2413447762235,
-3.17026981247384, 1.54829357557412, -2.4133866425739, 2.98916596520085, -0.186390475640559, 2.57120527431841,
-1.70938695492274, 3.17995312432679, -0.329886810559763, 1.95200025595678, 0.0703071579882242,
0.631614891343901, 1.10608161441575, 3.50441671159267, -2.91548729770558, 1.98463664578714, 2.93180581029782,
1.67531781042693, 1.53272905571256, -0.382149486551936, -2.65050700578804, 0.0148248474097418, 1.58261097972209,
-1.39728939606379, -0.507527759587187, -2.73783131584424, -1.42307394560081, -1.00586000990187,
3.11872523329977, 0.201144288333025)
N2 <- 65
x2 <- 
c(8.84657184066592, 8.43256603561018, 7.0600890742196, 6.8753402085721, 6.85132334643642,
7.0737960242644, 7.53357741802425, 9.49198238146519, 6.70319495373813, 7.9468739675527, 5.25254205832797,
6.92554709431179, 6.57953011578274, 8.3880995689819, 5.50694443185369, 8.59548492858393, 5.21120358678271,
4.17611172514662, 8.85955002743179, 9.40631088776087, 6.38924629211241, 6.91043757855237, 8.14379924583486,
9.14662232516428, 8.36802760382549, 8.5492306722204, 7.90620955001056, 5.58002629685002, 5.87088759428109,
7.67576344979933, 7.61434540982877, 8.47289220296001, 6.97948383455358, 8.86288713342148, 8.40146023253774,
7.9507099119447, 9.90615873819154, 8.02534639358282, 5.42651017323491, 8.24430106773272, 7.30331252594639,
8.71004497938118, 7.62424010981252, 5.57408460910859, 8.74567081512839, 8.02572965440353, 7.90141772939561,
8.25584323621766, 7.03749610859654, 6.30480900519527, 8.96831788965825, 10.3908085366227, 7.0536784090442,
6.53439163045146, 6.95467119274473, 5.83289591195421, 8.00874856402548, 7.4961989609746, 8.61223166751521,
6.2643874769599, 6.49784492767199, 6.61870319018096, 8.96032644066791, 6.72772709665611, 9.58947500694613)
