N2 <- 65
x2 <- 
c(8.84657184066592, 8.43256603561018, 7.0600890742196, 6.8753402085721, 6.85132334643642,
7.0737960242644, 7.53357741802425, 9.49198238146519, 6.70319495373813, 7.9468739675527, 5.25254205832797,
6.92554709431179, 6.57953011578274, 8.3880995689819, 5.50694443185369, 8.59548492858393, 5.21120358678271,
4.17611172514662, 8.85955002743179, 9.40631088776087, 6.38924629211241, 6.91043757855237, 8.14379924583486,
9.14662232516428, 8.36802760382549, 8.5492306722204, 7.90620955001056, 5.58002629685002, 5.87088759428109,
7.67576344979933, 7.61434540982877, 8.47289220296001, 6.97948383455358, 8.86288713342148, 8.40146023253774,
7.9507099119447, 9.90615873819154, 8.02534639358282, 5.42651017323491, 8.24430106773272, 7.30331252594639,
8.71004497938118, 7.62424010981252, 5.57408460910859, 8.74567081512839, 8.02572965440353, 7.90141772939561,
8.25584323621766, 7.03749610859654, 6.30480900519527, 8.96831788965825, 10.3908085366227, 7.0536784090442,
6.53439163045146, 6.95467119274473, 5.83289591195421, 8.00874856402548, 7.4961989609746, 8.61223166751521,
6.2643874769599, 6.49784492767199, 6.61870319018096, 8.96032644066791, 6.72772709665611, 9.58947500694613)
y2 <- 
c(0.855785916363627, -0.851272039845933, -3.00218865808088, -2.92649493459587, -3.24985131326778,
-1.91773889003751, -2.03582944182435, 3.052382470211, -2.65132740892815, -1.68627187803103, 0.572826617067902,
-2.73621617957612, -2.44712052776382, 0.460273976705776, 0.595015428260452, 1.07842888411203, 1.00124328271509,
2.47751311906636, 0.131736629651053, 1.83856747762571, -2.46823267552461, -3.12348942228212, -1.55895581720512,
1.30520664640362, -0.970108320269835, -0.68396919472019, -1.54524467032836, -0.865999719109895,
-1.58388751019602, -1.58918832351007, -3.03742989080849, -0.373691239403939, -2.13791909077651,
1.17623730419131, -0.106982091510577, -2.31569359049251, 3.60131568786884, -1.47122377260298,
-0.376949401256609, -0.917208238523209, -1.89742664929981, 1.15212825937916, -3.02609482229007,
-0.503318961901646, 0.641430185403447, -2.09308484313112, -2.15702351108895, -0.519018027040859,
-3.05056306135144, -2.79553567994591, 0.964365955457089, 3.60097880875816, -2.48071572070809, -3.22403615642385,
-2.74678785980542, -0.862322300396574, -1.30325067512663, -2.83018341479781, 0.409270214107453,
-2.27799912940978, -2.03565114113914, -2.99522060684786, 1.02666347171914, -3.91481027054731, 2.25836112679598)
