y_obs <- 
c(186, 189, 204, 190, 172, 188, 192, 190, 189, 186, 185, 187, 192, 213, 166, 192, 175, 188, 166,
202, 231, 244, 202, 227, 163, 181, 205, 204, 181, 187, 176, 177, 191, 190, 183, 164, 159, 153, 173, 200,
186, 179, 213, 185, 178, 201, 172, 179, 193, 211, 190, 204, 192, 185, 177, 192, 158, 192, 198, 160, 177,
176, 198, 157, 207, 181, 174, 208, 199, 174, 190, 173, 188, 193, 188, 165, 158, 182, 173, 168, 172, 178,
183, 192, 189, 188, 162, 178, 166, 175, 171, 166, 157, 203, 211, 167, 189, 187, 201, 180, 156, 210, 178,
164, 192, 187, 170, 197, 189, 189, 183, 194, 158, 196, 169, 181, 175, 167, 189, 174, 190, 183, 176, 188,
160, 160, 175, 193, 171, 181, 172, 181, 186, 167, 167, 185, 174, 159, 172, 177, 180, 182, 192, 158, 163,
202, 170, 160, 161, 169, 181, 149, 175, 156, 180, 186, 170, 188, 169, 182, 145, 166, 169, 176, 185, 179,
182, 172, 165, 169, 172, 165, 165, 176, 189, 172, 191, 161, 184, 200, 176, 172, 180, 169, 160, 168, 172,
191, 190, 154, 167, 202, 150, 208, 182, 161, 180, 180, 173, 169, 177, 150, 155, 180, 187, 191, 201, 171,
162, 194, 175, 166, 181, 158, 179, 189, 148, 201, 170, 156, 177, 182, 199, 178, 174, 158, 169, 205, 204,
166, 175, 164, 161, 213, 141, 159, 157, 149, 131, 170, 167, 170, 166, 166, 171, 200, 165, 169, 167, 176,
177, 201, 204, 223, 196, 181, 153, 190, 183, 187, 175, 173, 194, 181, 233, 178, 176, 152, 184, 162, 177,
210, 177, 170, 176, 155, 172, 164, 193, 182, 175, 163, 176, 183, 176, 199, 190, 144, 148, 188, 189, 177,
165, 166, 143, 170, 203, 165, 180, 142, 185, 170, 219, 194, 204, 152, 175, 192, 178, 161, 168, 176, 166,
193, 178, 179, 187, 161, 182, 170, 191, 181, 180, 187, 200, 183, 175, 160, 187, 182, 176, 174, 208, 127,
112, 110, 106, 117, 198, 174, 184, 168, 197, 169, 181, 203, 156, 212, 154, 196, 182, 188, 190, 201, 182,
188, 172, 195, 196, 180, 179, 176, 191, 191, 168, 188, 180, 180, 172, 222, 188, 175, 194, 197, 180, 171,
221, 190, 200, 177, 185, 203, 172, 206, 194, 169, 218, 158, 175, 152, 162, 207, 189, 189, 224, 193, 172,
186, 182, 193, 193, 174, 187, 182, 189, 176, 180, 170, 172, 167, 212, 170, 202, 193, 204, 189, 176, 191,
201, 184, 182, 221, 203, 214, 177, 195, 169, 225, 220, 202, 193, 209, 217, 187, 188, 200, 207, 207, 201,
181, 179, 217, 256, 232, 250, 192, 196, 183, 188, 176, 201, 189, 212, 199, 184, 204, 232, 203, 203, 178,
195, 193, 205, 190, 213, 198, 239, 228, 222, 211, 192, 213, 209, 204, 190, 213, 224, 193, 204, 197, 212,
212, 182, 190, 229, 226, 208, 206, 212, 189, 196, 202, 194, 188, 204, 231, 195, 224, 208, 208, 183, 218,
214, 238, 180, 224, 227, 223, 204, 194, 256, 198, 233, 188, 206, 208, 232, 241, 171, 220, 197, 203, 227,
180, 215, 212, 201, 211, 210, 212, 252, 216, 231, 221, 226, 234, 229, 245, 191, 200, 227, 239, 311, 319,
326, 353, 328, 201, 223, 209, 239, 238, 216, 211, 237, 227, 248, 246, 234, 203, 221, 237, 201, 215, 228,
255, 229, 240, 215, 197, 216, 216, 258, 278, 226, 219, 211, 235, 232, 211, 246, 233, 243, 219, 202, 221,
234, 204, 215, 247, 239, 228, 213, 233, 261, 202, 239, 248, 219, 254, 212, 252, 233, 271, 243, 261, 229,
252, 251, 245, 266, 224, 241, 231, 237, 256, 227, 238, 258, 234, 223, 216, 247, 298, 232, 218, 252, 215,
229, 257, 218, 236, 270, 253, 239, 241, 265, 247, 221, 233, 224, 223, 207, 239, 263, 257, 227, 251, 269,
263, 265, 255, 245, 248, 247, 233, 243, 230, 184, 175, 195, 155, 165, 236, 222, 311, 220, 261, 253, 249,
249, 241, 236, 225, 238, 265, 183, 159, 175, 271, 259, 236, 259, 229, 278, 253, 248, 275, 251, 276, 260,
265, 264, 284, 232, 235, 278, 228, 257, 269, 273, 240, 267, 250, 249, 271, 251, 259, 261, 269, 235, 271,
271, 267, 283, 290, 283, 295, 286, 223, 245, 280, 269, 266, 282, 280, 248, 268, 232, 271, 273, 277, 274,
271, 244, 274, 247, 257, 268, 274, 264, 265, 270, 231, 276, 223, 267, 249, 283, 289, 245, 290, 312, 307,
269, 205, 181, 210, 213, 275, 277, 248, 247, 272, 272, 284, 282, 268, 270, 273, 304, 247, 265, 299, 253,
281, 275, 242, 279, 258, 287, 281, 272, 315, 289, 316, 296, 287, 272, 283, 298, 292, 273, 243, 269, 315,
276, 285, 248, 260, 286, 268, 295, 280, 312, 255, 278, 288, 294, 285, 250, 276, 288, 248, 278, 282, 271,
308, 300, 300, 324, 294, 285, 296, 328, 274, 321, 296, 294, 272, 268, 268, 303, 299, 285, 290, 297, 297,
277, 289, 312, 315, 286, 251, 336, 325, 302, 289, 289, 296, 305, 243, 285, 292, 272, 268, 265, 271, 281,
284, 284, 326, 290, 310, 290, 265, 299, 302, 291, 304, 314, 278, 307, 298, 282, 292, 294, 279, 290, 285,
270, 314, 334, 294, 283, 318, 304, 303, 343, 274, 255, 337, 373, 343, 332, 303, 259, 312, 318, 297, 277,
295, 270, 318, 308, 322, 281, 323, 267, 265, 274, 265, 294, 320, 277, 308, 300, 284, 280, 322, 279, 324,
287, 303, 267, 295, 269, 321, 316, 286, 268, 314, 296, 291, 290, 264, 250, 280, 296, 309, 330, 290, 280,
267, 282, 220, 202, 211, 291, 298, 283, 279, 274, 262, 295, 295, 250, 244, 284, 224, 230, 283, 301, 285,
305, 312, 298, 298, 307, 285, 297, 265, 289, 270, 303, 302, 299, 289, 319, 301, 295, 284, 275, 259, 313,
282, 262, 306, 303, 281, 261, 279, 305, 233, 284, 257, 292, 272, 330, 301, 247, 307, 274, 309, 290, 277,
248, 299, 338, 274, 287, 265, 261, 298, 271, 261, 277, 253, 280, 298, 277, 261, 285, 318, 286, 288, 290,
295, 261, 271, 284, 283, 276, 295, 294, 285, 304, 308, 280, 282, 304, 272, 281, 302, 250, 276, 300, 306,
279, 342, 285, 312, 277, 267, 318, 277, 270, 293, 269, 282, 271, 262, 256, 275, 264, 286, 271, 264, 276,
277, 318, 298, 279, 284, 306, 298, 321, 266, 266, 266, 324, 269, 264, 262, 308, 309, 325, 286, 262, 259,
248, 255, 257, 271, 301, 284, 263, 280, 297, 256, 241, 287, 267, 247, 279, 256, 264, 296, 399, 398, 338,
286, 250, 239, 265, 262, 248, 263, 290, 286, 251, 285, 265, 268, 269, 283, 285, 267, 268, 272, 264, 235,
239, 244, 300, 291, 281, 228, 341, 336, 346, 258, 234, 250, 273, 288, 254, 251, 266, 252, 295, 254, 247,
222, 236, 227, 250, 242, 282, 256, 268, 261, 225, 263, 268, 230, 250, 273, 224, 252, 235, 295, 292, 240,
262, 270, 261, 261, 241, 239, 261, 272, 246, 235, 283, 287, 282, 242, 237, 260, 235, 266, 284, 222, 243,
224, 283, 292, 321, 216, 246, 231, 213, 244, 257, 238, 223, 221, 249, 251, 265, 270, 282, 222, 224, 250,
240, 246, 226, 267, 218, 206, 192, 187, 261, 257, 262, 229, 268, 248, 218, 228, 217, 214, 220, 260, 265,
279, 232, 272, 251, 235, 249, 243, 239, 231, 231, 235, 249, 242, 210, 216, 226, 218, 243, 216, 224, 251,
238, 245, 252, 262, 213, 230, 252, 228, 229, 225, 215, 240, 243, 219, 231, 228, 224, 312, 317, 334, 247,
213, 199, 231, 225, 213, 212, 212, 209, 231, 213, 221, 199, 218, 226, 236, 200, 195, 230, 221, 225, 217,
218, 212, 234, 220, 194, 206, 221, 202, 211, 205, 193, 230, 202, 206, 218, 220, 214, 218, 185, 234, 221,
209, 191, 206, 215, 231, 235, 229, 255, 217, 200, 176, 235, 182, 217, 208, 207, 215, 193, 221, 203, 208,
220, 225, 209, 190, 168, 174, 173, 174, 168, 214, 212, 230, 237, 202, 200, 198, 189, 188, 214, 206, 174,
206, 228, 215, 242, 216, 181, 223, 208, 210, 204, 252, 198, 223, 181, 188, 237, 211, 212, 219, 186, 205,
187, 191, 236, 189, 207, 174, 170, 191, 199, 240, 246, 255, 264, 190, 209, 212, 221, 186, 225, 189, 205,
131, 151, 142, 158, 206, 178, 207, 226, 198, 202, 174, 190, 186, 200, 197, 170, 195, 179, 207, 216, 188,
229, 190, 205, 206, 188, 204, 176, 199, 232, 175, 211, 190, 203, 181, 188)
N_obs <- 1441
N_obs_days <- 370
