alpha <- 5.42053499927229
delta_season <- 0.262364264467491
phi <- 10
inner_tau_day <- 0.00498754151103897
outer_tau_day <- 0.22314355131421
gamma <- 0.9
inv_psi <- 0.001
delta_days <- 
c(0.00482958191890609, -0.00833899400916502, 0.00210321187428019, 0.00493094712128552,
0.00460290638170753, 0.0037258744704309, 0.214785241538513, 0.00141802154525701, -0.00607388407093501,
0.00502570149982163, -0.119901706297145, -0.000332940932208679, 0.00538858036896859, 0.00321603871670629,
-0.00163486606440323, 0.00536452119539055, -0.00230890505644354, 0.00134515030545395, 0.00642078816218278,
-0.000853076250440524, -0.00583318211599683, 0.00242296350136824, -0.00306897956463205,
-0.00380440080886813, -0.000205089878615758, 0.010179056849178, 0.00159436206749647, -0.00220977630396118,
-0.0073520078872963, 0.00176030505647904, 0.00153410508790967, 0.00773200940672227, -0.00545458140262687,
-0.000829342101207531, -0.00308967148584645, 0.00510630982119416, 0.00482111542481591,
0.000128269068918032, -0.00791397853009045, -0.00272777268687586, 0.00149298486852973,
0.00922994959482804, 0.000561509355336555, -0.00472750360543982, 0.00222975451954932,
-0.00144682009280148, 0.00628568396942889, 0.00498407394493907, 0.00459198915010005, 0.00103481774699509,
0.000404597413508265, -0.00764926649994422, -0.00218121838932259, 0.00683422517981951,
-0.00957346756504975, 0.0021318777638254, -0.00399424400702318, -0.0120039552075362, 0.0557996656336072,
0.0044820927478794, -0.175626340737481, -0.00415939236790192, -0.000231460525641487, -0.00757718202327042,
0.00385471448322054, 0.0059323177399529, 0.0014649865327681, 0.0806902593635767, 0.00134772639508163,
0.00472089135560312, -0.000179225119915948, 0.000134032541360482, -0.00447080041755968,
0.00739928083811391, -0.00351967719570881, 0.00534811103977979, 0.00517036473370127, -0.00693670811554039,
0.00647403086602948, -0.00143168493441601, 0.00289814447139901, 0.0075221044148204, -0.00592655343828692,
0.00513598479181354, 0.00595871773113016, 0.00438238405267009, 0.00208774788173163, -0.474656484858043,
-0.00480503037471852, 0.000950660927000901, -0.00912803384783858, 0.00462017143158773,
-0.00287220721200779, -0.000711126440315645, 0.00248233097014008, 0.00351030106420939,
-0.00173400710497465, -0.0012355503059769, -0.00116569194047691, -0.00628742577451872,
0.00203415866267195, -0.00921258921088048, -0.0036785931844555, 0.000255827236089564,
-0.00265302854630167, 0.0013233651847778, -0.00533795166779728, 0.000402307539782672,
-0.00723387422139844, -0.0142394380498362, 0.0010920209144108, 0.0063105650005328, 0.00045491072236067,
0.00586826763972226, 0.00173790254150583, 0.321291713879797, 0.00387709355624765, 0.00833784725334147,
0.00490670282881657, 0.00519641749909419, -0.00590004263609161, 0.0556331672530885, -0.00523965279697962,
-0.00161205980282099, 0.00470418905987223, 0.00463403529114225, 0.00114253566724305, 0.00188760006312334,
-0.0130262725557243, -0.00585794595574597, -0.0035876885462373, 0.00248691724640487, -0.00193591059327771,
-0.00380887722654098, -0.00278484993163902, 0.00414902145659984, -0.00264094664682756,
0.00165803235978462, -0.0053762185761916, -0.00021564028154295, -0.000219839618644978, 0.352106980835314,
-0.00222776185386962, -0.00198771753077303, 0.00768132786351571, 0.00168864935094426, 0.00598440121252336,
-0.00370355367927337, 0.0022422259504149, -0.00122317770137591, 0.0116192287956695, -0.0042296988133104,
0.00334668593068033, 0.00235165177980212, 0.00675483148837644, 0.00443029552892406, -0.0015971098014978,
0.00139469954086074, 0.00166623633723436, 0.00137491057919374, 0.00103187363009724, -0.00357391173710321,
-0.000494320962775193, 0.00139610713123736, 8.28881382051763e-05, -0.00582416308039854,
-0.00146333809919495, -0.00520917535027749, 0.00490801439061306, 0.00378044257732597, -0.325796864877555,
0.00513620525508387, 0.00318136012289744, -0.00331921952244546, -0.385266307107854, -0.0333920975646539,
0.0110495759082602, -0.00923070697190495, 0.0127268090997089, -1.50726468061575e-06, -0.00532476837454793,
-0.00505520252812538, -0.00207877660684726, -0.00412229323364143, -0.00394798745737758,
-4.03318038844272e-05, -0.000445876561769728, 0.00247610636564791, -0.000272444351465826,
-0.0044595393425933, 0.00473256715766157, -0.00192108757408129, 0.00102428556209676, -0.00496209200885262,
0.0177754603239828, -0.287156442526788, -0.00591635929595991, 0.00403665129884366, -0.0104390277639008,
-0.00995036162378647, -0.000614104622307356, 0.00640214418488566, 0.0494579247608245,
0.000957366219931424, 0.00493057103965313, -0.000263716992519816, -0.00108394952564494,
-0.00629690872403582, 0.00167164404533967, 0.00727844603370352, -0.00206942402274336, 0.00141228939688846,
-0.00428275747434702, -0.00462822085374626, 0.00354070065755505, 0.00733128467679869,
0.000232288665810404, -0.00465511955276069, 0.00138249200801499, -0.00909110935223837,
-0.00503969833966932, 0.00308101861376334, -0.00235657845121509, 0.00387850460066716,
-0.00316696634641049, 0.00458304577153811, 0.00789984467578343, 0.00252259863600139, 0.160435133624202,
0.00618121325790912, 0.000131728905818692, 0.00301078182475083, 0.0035604772827126, -0.097467055552736,
-0.0103640244969047, -0.00380285901492098, 0.00178490020611873, 0.00358017264110833, -0.00395732419368921,
-0.00794510751042604, -0.00296426801201335, -0.000168674305906145, -0.00620334968936213,
-0.36187320782677, -0.000640069215061761, -0.00295785061966493, -0.164520494625349, -0.00672324109405725,
-0.00601256011023546, 0.00225779932601973, -0.000421802968330928, 0.00519522557903365,
-0.00138276543088551, 0.00399564655737535, 0.00272888320106759, -0.00206625498834657,
-0.00118120917577166, -0.00170580840987485, 0.000886941079720727, -0.000985763847582174,
-0.00626022850445279, -0.00241721734026599, 0.0108838865750806, -0.00412667600292195,
-0.00131849749573545, 0.00219976200661887, -0.00402663602997754, 0.00700155224975613, 0.00229150626528691,
0.00471801944600159, -0.000709298748130493, 0.00323690008594353, 0.00542022100859462,
-0.00260075877762774, -0.000350790636558394, 0.00783898603798964, 0.00507996506396298,
0.000734964815676122, -0.00145769519309915, -0.0844921582689579, 0.000584741867560484,
0.00538597261456931, 0.00817766058535689, -0.00390126652085995, 0.269806372793159, -0.00350074335144927,
0.00410842754916081, 0.00154024689211076, 0.00249851079403466, 0.00498865078810388, 0.00365775669793307,
0.00609415441403635, 0.297102072288204, 0.00268253834844248, 0.00210013007148037, 0.013939508547736,
0.000836525658875646, -0.00177592092278709, -1.718891424323e-05, 0.00392215543030106,
-0.00431697163378783, -0.00597623838005591, 0.00404922904733277, -0.00704853899597008,
0.00191141744405441, 0.00393950309383521, 0.140616095283993, 0.00427815547822939, 0.00375761786899496,
0.00659690341117703, 0.00952013408568285, 0.00142007511429985, 0.00499558741047876, -0.191081420998518,
0.00419410649790087, 0.00774621043325398, -0.00761428680247067, 0.107431645047872, -0.0078957236671182,
-0.00724701950755265, -0.00776005001327921, 0.00694192627390382, -0.00120065809233344,
-0.0119953936387477, 0.00369881664217974, 0.000850763294610313, -0.000211809709079907, 0.366695859820001,
0.0020562588010163, -0.00718404171519595, -0.00523065406808726, -0.000603593142163454,
0.00103071326201179, -0.00550800891033826, 0.00413740013703237, 0.00508283008978877, 0.000992893749562277,
0.0116295167047506, -0.0024395605645775, -0.0067711115222246, 0.154743603210369, -0.00698854885267272,
-0.00231425171888941, -0.00340140272323671, 0.00148516246976107, 0.000853951105711647, -0.209805184848186,
-0.00817948447058834, 0.00542699011758589, -0.0048384405210175, 0.101519101301339, -0.00507366833975929,
0.0767125348743598, 0.00887414705895191, 0.00764327877794672, 0.00541774098736077, 0.00148641939625446,
0.281357013051738, 0.00631278917171771, 0.00929720417441184, -0.300902893118049, -0.000472667513502703,
-0.00261470394819315, -0.000924768506880458, 0.00148083936895884, -0.00154426177689271,
