N <- 11
x <- 
c(-10, -8, -6, -4, -2, 0, 2, 4, 6, 8, 10)
y <- 
c(-0.305988266182247, -2.41589889833526, -1.06836517223829,
4.05274318447799, 1.8424477749092, -0.656614466340285, -1.50406510715288,
2.57583019995834, -4.94024944427037, -0.53310036842779, -1.23499024400551)
N_predict <- 501
x_predict <- 
c(-10, -9.96, -9.92, -9.88, -9.84, -9.8, -9.76, -9.72, -9.68,
-9.64, -9.6, -9.56, -9.52, -9.48, -9.44, -9.4, -9.36, -9.32, -9.28, -9.24,
-9.2, -9.16, -9.12, -9.08, -9.04, -9, -8.96, -8.92, -8.88, -8.84, -8.8,
-8.76, -8.72, -8.68, -8.64, -8.6, -8.56, -8.52, -8.48, -8.44, -8.4, -8.36,
-8.32, -8.28, -8.24, -8.2, -8.16, -8.12, -8.08, -8.04, -8, -7.96, -7.92,
-7.88, -7.84, -7.8, -7.76, -7.72, -7.68, -7.64, -7.6, -7.56, -7.52, -7.48,
-7.44, -7.4, -7.36, -7.32, -7.28, -7.24, -7.2, -7.16, -7.12, -7.08, -7.04,
-7, -6.96, -6.92, -6.88, -6.84, -6.8, -6.76, -6.72, -6.68, -6.64, -6.6,
-6.56, -6.52, -6.48, -6.44, -6.4, -6.36, -6.32, -6.28, -6.24, -6.2, -6.16,
-6.12, -6.08, -6.04, -6, -5.96, -5.92, -5.88, -5.84, -5.8, -5.76, -5.72,
-5.68, -5.64, -5.6, -5.56, -5.52, -5.48, -5.44, -5.4, -5.36, -5.32, -5.28,
-5.24, -5.2, -5.16, -5.12, -5.08, -5.04, -5, -4.96, -4.92, -4.88, -4.84,
-4.8, -4.76, -4.72, -4.68, -4.64, -4.6, -4.56, -4.52, -4.48, -4.44, -4.4,
-4.36, -4.32, -4.28, -4.24, -4.2, -4.16, -4.12, -4.08, -4.04, -4, -3.96,
-3.92, -3.88, -3.84, -3.8, -3.76, -3.72, -3.68, -3.64, -3.6, -3.56, -3.52,
-3.48, -3.44, -3.4, -3.36, -3.32, -3.28, -3.24, -3.2, -3.16, -3.12, -3.08,
-3.04, -3, -2.96, -2.92, -2.88, -2.84, -2.8, -2.76, -2.72, -2.68, -2.64,
-2.6, -2.56, -2.52, -2.48, -2.44, -2.4, -2.36, -2.32, -2.28, -2.24, -2.2,
-2.16, -2.12, -2.08, -2.04, -2, -1.96, -1.92, -1.88, -1.84, -1.8, -1.76,
-1.72, -1.68, -1.64, -1.6, -1.56, -1.52, -1.48, -1.44, -1.4, -1.36, -1.32,
-1.28, -1.24, -1.2, -1.16, -1.12, -1.08, -1.04, -1, -0.960000000000001,
-0.92, -0.880000000000001, -0.84, -0.800000000000001, -0.76,
-0.720000000000001, -0.68, -0.640000000000001, -0.6, -0.56, -0.52, -0.48,
-0.44, -0.4, -0.359999999999999, -0.32, -0.279999999999999, -0.24,
-0.199999999999999, -0.16, -0.119999999999999, -0.0800000000000001,
-0.0399999999999991, 0, 0.0399999999999991, 0.0800000000000001,
0.119999999999999, 0.16, 0.199999999999999, 0.24, 0.279999999999999, 0.32,
0.359999999999999, 0.4, 0.44, 0.48, 0.52, 0.56, 0.6, 0.640000000000001,
0.68, 0.720000000000001, 0.76, 0.800000000000001, 0.84, 0.880000000000001,
0.92, 0.960000000000001, 1, 1.04, 1.08, 1.12, 1.16, 1.2, 1.24, 1.28, 1.32,
1.36, 1.4, 1.44, 1.48, 1.52, 1.56, 1.6, 1.64, 1.68, 1.72, 1.76, 1.8, 1.84,
1.88, 1.92, 1.96, 2, 2.04, 2.08, 2.12, 2.16, 2.2, 2.24, 2.28, 2.32, 2.36,
2.4, 2.44, 2.48, 2.52, 2.56, 2.6, 2.64, 2.68, 2.72, 2.76, 2.8, 2.84, 2.88,
2.92, 2.96, 3, 3.04, 3.08, 3.12, 3.16, 3.2, 3.24, 3.28, 3.32, 3.36, 3.4,
3.44, 3.48, 3.52, 3.56, 3.6, 3.64, 3.68, 3.72, 3.76, 3.8, 3.84, 3.88, 3.92,
3.96, 4, 4.04, 4.08, 4.12, 4.16, 4.2, 4.24, 4.28, 4.32, 4.36, 4.4, 4.44,
4.48, 4.52, 4.56, 4.6, 4.64, 4.68, 4.72, 4.76, 4.8, 4.84, 4.88, 4.92, 4.96,
5, 5.04, 5.08, 5.12, 5.16, 5.2, 5.24, 5.28, 5.32, 5.36, 5.4, 5.44, 5.48,
5.52, 5.56, 5.6, 5.64, 5.68, 5.72, 5.76, 5.8, 5.84, 5.88, 5.92, 5.96, 6,
6.04, 6.08, 6.12, 6.16, 6.2, 6.24, 6.28, 6.32, 6.36, 6.4, 6.44, 6.48, 6.52,
6.56, 6.6, 6.64, 6.68, 6.72, 6.76, 6.8, 6.84, 6.88, 6.92, 6.96, 7, 7.04,
7.08, 7.12, 7.16, 7.2, 7.24, 7.28, 7.32, 7.36, 7.4, 7.44, 7.48, 7.52, 7.56,
7.6, 7.64, 7.68, 7.72, 7.76, 7.8, 7.84, 7.88, 7.92, 7.96, 8, 8.04, 8.08,
8.12, 8.16, 8.2, 8.24, 8.28, 8.32, 8.36, 8.4, 8.44, 8.48, 8.52, 8.56, 8.6,
8.64, 8.68, 8.72, 8.76, 8.8, 8.84, 8.88, 8.92, 8.96, 9, 9.04, 9.08, 9.12,
9.16, 9.2, 9.24, 9.28, 9.32, 9.36, 9.4, 9.44, 9.48, 9.52, 9.56, 9.6, 9.64,
9.68, 9.72, 9.76, 9.8, 9.84, 9.88, 9.92, 9.96, 10)
y_predict <- 
c(-0.305988266182247, 3.34174008064586, -2.61490347199229,
1.61097918700488, 1.05580641221948, -2.0087622961324, -0.240148217794989,
-0.453516598439541, 2.80170402921416, 0.648662564634972, -1.6725933581921,
-2.80605265753602, -3.16151314847035, -0.886544077437524,
-3.04910857954811, -2.17918331519189, -0.638752314882932, 2.50688728416602,
2.08232091850045, 5.31556998931255, -0.241210132117039, 0.979651714701824,
2.24646475079661, -1.78176662543683, -2.87337134461063, -5.47049570341964,
-0.461112426429374, -0.609468904178384, -0.120070604773198,
-0.813535416664477, -1.54072630824093, 2.47232526460436, 3.55312954913455,
1.0900351719789, 0.0103208367568139, 0.439787200730051, -0.379537804608854,
0.196615778567103, 1.9872733334432, 2.31056672502031, -0.662908473028352,
1.29389522725249, -2.22264771893156, 0.89470357961024, 2.52623172263295,
1.98765166986554, 2.67061928791162, 2.81507237383551, 1.8211848163988,
0.48203178538186, -2.41589889833526, 3.03509650630327, 2.80385531659999,
1.3234752218661, -0.683584673258973, -0.572482303137268, -1.37000869040681,
2.74544486642725, -1.60496314908932, 1.59127259317556, 1.69205817645349,
0.872659141298696, 0.309391553971232, -0.870545154809875, 6.59980899521,
-2.07794956787637, -0.0284339788258893, -0.329111051187611,
0.402801122799352, 2.00764408513019, -1.91109402687429, 0.607543379156275,
-0.691207138052029, 2.09207045902672, 0.0932193570112125,
0.577456084074484, -1.78936145650491, 1.00265274683734, 1.17244283566448,
-0.371460172334436, -2.29176553277488, 2.26410422056109, 1.66834694165146,
2.8307658941604, 0.370820910318729, 2.38412009680544, 3.80606908383788,
-0.342537798744432, -0.0829865828136531, 4.92392674358869,
0.622932262860443, 1.3218307562598, 4.3850318581254, 1.50730639886753,
1.61325297093416, 0.76583310811371, 3.48778285304892, 1.22011222555838,
-1.80946721251813, 0.724179149881324, -1.06836517223829,
-0.869484096321083, 1.68837857527386, -2.98950899243917, 0.91254150300211,
1.05215301291937, 0.0274537871012842, 0.96676560775532, -3.14206052846086,
-2.92043768660865, 1.39342314693012, 0.0871222371096365, 1.31967541956066,
2.19861488617598, -1.69588245300906, 3.31681067044096, 4.46915849255595,
0.742213000389802, -0.162234660218512, -2.41514788491731,
0.238370057848301, -0.0838796969195535, -0.232481931931434,
0.729381051662383, -3.77142561069213, 3.96680376224433, 0.556749844827721,
-3.6699048035186, 2.20956152267664, 3.36276220179728, -1.3032731521931,
-2.07055060511352, -0.1388184760447, -1.90570949152453, 4.2907577818807,
1.80449985189026, -1.99152076226611, 2.24858618979762, 2.5330959678775,
3.063958091593, 1.37192429950371, -0.361857876487687, 0.283550848892819,
1.95997887928297, 1.8529295573698, 3.42451406441638, 0.474722088370785,
0.296294627594849, -0.419063911181313, -1.26458156236444, 4.05274318447799,
2.67889020369165, 0.403772206826446, -0.742753215063812, 2.12748969676229,
0.987957593298573, 0.592822831042081, -2.72953709216579, -0.89054779973826,
-1.5682041850729, 4.00663906954054, -0.290165243726656, -1.71737263692172,
2.90946640952995, -0.678812115313776, -0.291708099375756,
-0.0795109546567792, 1.6336086031547, -1.07656997407188,
-0.320020220016363, 1.64476417584762, -1.94636449189886, -1.76750776999247,
-1.79038531585181, -1.49013255794224, 0.714877813114447, 3.42252943663915,
-0.058048831820994, 0.114373625802746, -0.253565690337539,
-0.342199099901667, 0.902987868144653, 2.07255697084571, 0.851660547385364,
-3.67775675722667, 0.876472969584275, 1.97199249053568, -0.606349184456036,
-0.274837250035943, -0.971509156574876, 0.748947963525543,
2.14906615209772, -2.28059742758385, -0.0725338767954584,
0.0780975254633117, -1.40299728737521, -1.33782417404555,
-1.19843707470651, -1.24673661544668, 2.69666959833176, 1.8424477749092,
-0.412914614239301, -0.751624569738746, 1.20514690489476,
-0.754584314722895, -3.19554251866636, -0.825263653783385,
-1.31311192323838, 0.252703556413145, -0.570862676772288,
-1.90975460156888, -1.26375366333625, -4.1940685091073, 1.77221618979582,
-1.26952380677509, -1.45089240081239, -3.43973997200264, 0.400366095673058,
-0.204226911308042, -1.15459931048692, -0.685139888856406,
0.00155454278141998, 0.120096797912564, -0.967095912584442,
