f_total <- 
c(0.440998630889568, 0.450113528572208, 0.459220531748511,
0.468386150834075, 0.47752238911986, 0.486707497536457, 0.495901521923927,
0.505063553588678, 0.514231670616221, 0.523393429605653, 0.532560081833163,
0.541693647260652, 0.550799415664809, 0.559887872702617, 0.568975255568765,
0.57799284508068, 0.586981013777001, 0.595940086779713, 0.604822091706811,
0.613678301334865, 0.622467707178402, 0.631211943090946, 0.639866716475965,
0.648500958536759, 0.656995882905764, 0.665470060560706, 0.673845315102812,
0.682138656537302, 0.690350678877545, 0.698461377028796, 0.706475469818814,
0.714399798917834, 0.722217008451009, 0.729896510594638, 0.737500263774525,
0.744984295367943, 0.752334853697621, 0.75958016510966, 0.766691628897386,
0.773696093383631, 0.780536257801297, 0.787216696470116, 0.793809345504134,
0.800224250371528, 0.806525601212764, 0.812639113495303, 0.818631781527615,
0.824437521370203, 0.830122492515304, 0.83561954085251, 0.840955952718372,
0.846147600727331, 0.851144070896197, 0.855966366265806, 0.86062096572988,
0.865133336521487, 0.869413577443276, 0.873531872421993, 0.877460521826582,
0.881214976411949, 0.88478294354277, 0.888141058565251, 0.89132868502397,
0.894304187772496, 0.897113908988322, 0.899668624586456, 0.902061812457453,
0.904270235142095, 0.906261607778427, 0.908015941855482, 0.909606074702564,
0.91095183061488, 0.912135487889819, 0.913083245644491, 0.913816884654652,
0.914353307364324, 0.914683461185081, 0.91479901212108, 0.914681725438568,
0.914404986019948, 0.913843033322416, 0.913106747336011, 0.912140065897402,
0.910976303334371, 0.909598446308549, 0.907989918452187, 0.906164872429449,
0.904149120565542, 0.901898401716554, 0.899435151433732, 0.896769634615355,
0.893887750897846, 0.890758298398302, 0.887477663747607, 0.883930660251784,
0.880198334678583, 0.876230968780232, 0.872060065023133, 0.867686417328898,
0.863144214134516, 0.858343962281536, 0.85336076687939, 0.848136946550554,
0.842730311183093, 0.837139729657184, 0.831319229937484, 0.825312240038339,
0.819119785350005, 0.812702075990343, 0.806105485099769, 0.799302081360502,
0.792293467615979, 0.785129798120997, 0.777753146418296, 0.770193520348619,
0.762446836608546, 0.754497404228258, 0.746391982255791, 0.738082636872642,
0.729608934235182, 0.720966360198183, 0.712122272221709, 0.703121230200533,
0.693947722190488, 0.684589824740858, 0.675087785284219, 0.665415618629399,
0.655572940983932, 0.645557307520144, 0.635392984001121, 0.625089036769407,
0.614587417003351, 0.603981035848438, 0.59321016978256, 0.582290738819756,
0.571226643338784, 0.560015199064051, 0.548693590518229, 0.537178392121964,
0.525546644240777, 0.513794078910827, 0.501898060180516, 0.489876428226509,
0.477721415015912, 0.46545872703135, 0.453034523415554, 0.440531882284675,
0.427897115932264, 0.415140453391078, 0.402281273591357, 0.389275015819355,
0.376212500968509, 0.363023589843467, 0.349728128309851, 0.336324995369041,
0.322832468035851, 0.309230998428826, 0.295527829645623, 0.281712794389289,
0.267850448366482, 0.253891938960602, 0.23980938208126, 0.22568600322299,
0.211434886320505, 0.197125413634834, 0.182733739352672, 0.168274856115137,
0.153723775692427, 0.139117844868915, 0.124438482730895, 0.109656136720763,
0.0948271902886944, 0.0799577274655425, 0.0650145532969899,
0.0499744026513977, 0.0349004983997927, 0.0197524494616247,
0.00456825655482591, -0.0106812071706117, -0.0259881595619741,
-0.0413301661401297, -0.0567496767882336, -0.0721941676613403,
-0.0876782877006323, -0.103243905239945, -0.118821865092438,
-0.134461314241685, -0.150130665353342, -0.165851194625957,
-0.181598896196091, -0.197390917885545, -0.213187954338871,
-0.229041277817791, -0.244942759788991, -0.260855240396288,
-0.276787452983142, -0.292772402743059, -0.308759160316429,
-0.324773034948146, -0.340817351097986, -0.356899061779582,
-0.372990372263567, -0.389074580993299, -0.405194212931164,
-0.421357934686177, -0.437516830071943, -0.45368279329131,
-0.46984243637014, -0.486043348570619, -0.50224464944635,
-0.518432468351288, -0.534672920610429, -0.550901013642786,
-0.567111177847405, -0.583354824769644, -0.599576073928612,
-0.615819376644997, -0.632040314787764, -0.648260620608666,
-0.664467072750124, -0.680689136032445, -0.696924748231738,
-0.713130233267376, -0.729317668922896, -0.74550790182977,
-0.761667906253398, -0.777820360325999, -0.793975950242604,
-0.810113065421111, -0.826185198910661, -0.842268396737801,
-0.858334450049967, -0.874391284283337, -0.890406217569837,
-0.906375213825422, -0.922336378285865, -0.938267884840737,
-0.954190756781956, -0.970049665714206, -0.985879773964432,
-1.00165113046285, -1.01742540957704, -1.03312764382073, -1.04879818322757,
-1.06440968664058, -1.0800287685034, -1.09554933362908, -1.11101988863721,
-1.12646362079782, -1.14182692906256, -1.1571488637744, -1.17240670446923,
-1.18762292223306, -1.20274063699246, -1.2178374123595, -1.23282305539392,
-1.24776646431281, -1.26261655715189, -1.277415704564, -1.29213524423302,
-1.3067710546791, -1.32131635281883, -1.3357956917738, -1.35018134254855,
-1.36446124466721, -1.37869139054661, -1.39280800487955, -1.40681251028792,
-1.42075108173442, -1.43455743050321, -1.44828853906107, -1.46188396398364,
-1.47541643982962, -1.48880044186919, -1.50206905566722, -1.51524234849813,
-1.52828897262925, -1.54123318344108, -1.55401526321171, -1.56668334761283,
-1.57922431185212, -1.59163663820029, -1.60391872913866, -1.6160696301579,
-1.62807450075528, -1.63992377316177, -1.65164594970135, -1.66320989395514,
-1.67462961366668, -1.68589900484465, -1.69700099676371, -1.70794323258901,
-1.71873980729021, -1.72938112644283, -1.7398244095252, -1.75011938711122,
-1.760275556321, -1.77020539186334, -1.77999299491771, -1.7895553460317,
-1.79900073392769, -1.80820111075014, -1.81724877697056, -1.82611676415186,
-1.83480530140105, -1.84326129138663, -1.85153345310448, -1.85962514230759,
-1.86751782126152, -1.87518988010724, -1.8827017241565, -1.88997506514413,
-1.89704459859332, -1.90388723152663, -1.91053729583363, -1.9170018090447,
-1.9232119142244, -1.92924788182857, -1.93505039455918, -1.94062893169478,
-1.94598081276466, -1.9511336049229, -1.9560544277587, -1.96075299749934,
-1.96521556062875, -1.96945937192741, -1.97348739541696, -1.97728569966827,
-1.98085217939131, -1.98417657031871, -1.9872982476644, -1.99016317124828,
-1.99282257506442, -1.99522422042284, -1.9973990728761, -1.99938062641233,
-2.00109873367804, -2.00255592096778, -2.00384902166309, -2.00486461493218,
-2.00566139308479, -2.00623792811845, -2.00655711107398, -2.00667562950455,
-2.00654832979542, -2.00620182667552, -2.00559998722601, -2.0048062374407,
-2.00375247273492, -2.00251027464629, -2.00101737165759, -1.99929271069093,
-1.99738625256495, -1.99522721485508, -1.99285919235394, -1.99026229532765,
-1.98746215054428, -1.98445617682322, -1.98121453281452, -1.97777873565667,
-1.97412149907996, -1.97028724395379, -1.96621293986113, -1.96197266355197,
-1.95748197160565, -1.95283735696778, -1.94801137281918, -1.94295839629071,
-1.9377382313651, -1.93231455855262, -1.92671398081442, -1.92092578290244,
-1.91497689201963, -1.90885922084396, -1.90254112160342, -1.89604993177452,
-1.88941503998649, -1.88262373597684, -1.87569058904515, -1.86856330940346,
-1.86132112585482, -1.85388982840209, -1.84634753867535, -1.83867329824661,
-1.8308374347216, -1.82289030981716, -1.81478986906161, -1.80659965381121,
-1.79824786076985, -1.78979392033428, -1.78123603450786, -1.77258877603237,
-1.76380845053532, -1.75493923420286, -1.74594418796325, -1.73689861855791,
-1.72774532526839, -1.71851686239605, -1.70919650974651, -1.69982780378957,
-1.69035148741979, -1.68082498077692, -1.67126098450415, -1.66161005074647,
-1.65192969582267, -1.6421953932896, -1.63239568851219, -1.6225496546979,
-1.6127045805614, -1.60281744091877, -1.59290049499895, -1.58295866325506,
-1.57298368586622, -1.56300277512367, -1.55304194359041, -1.54304409076025,
