N <- 5
y <- 
c(1.22819583757764, 1.03747386101563, 1.29643993528305, 1.26174973066331, 0.587372610448683)
