N <- 1000
y <- 
c(5, 10, 7, 0, 0, 0, 9, 6, 7, 10, 0, 11, 0, 0, 8, 6, 14, 9, 7, 0, 0, 0, 7, 10, 9, 13, 0, 9, 10, 8, 0, 6,
6, 0, 3, 5, 7, 7, 10, 0, 10, 0, 7, 14, 0, 7, 11, 0, 8, 8, 6, 0, 7, 7, 5, 7, 4, 10, 14, 0, 0, 8, 0, 7, 11, 7,
10, 0, 5, 10, 0, 0, 11, 5, 10, 10, 0, 8, 8, 11, 6, 8, 0, 5, 0, 8, 10, 4, 14, 0, 7, 13, 0, 10, 8, 8, 0, 0, 8,
13, 6, 9, 8, 10, 0, 3, 0, 7, 11, 0, 9, 7, 0, 10, 7, 0, 0, 13, 13, 0, 0, 0, 0, 0, 0, 9, 7, 13, 9, 0, 13, 0, 12,
0, 10, 11, 4, 8, 11, 9, 8, 5, 0, 10, 0, 10, 5, 11, 14, 0, 0, 9, 0, 8, 0, 9, 13, 13, 8, 6, 6, 8, 13, 9, 10, 7,
5, 0, 12, 7, 5, 12, 6, 10, 0, 7, 5, 0, 9, 0, 0, 10, 5, 0, 8, 8, 0, 13, 0, 3, 13, 0, 12, 10, 0, 0, 9, 10, 0, 9,
7, 6, 12, 0, 0, 0, 0, 8, 10, 0, 10, 10, 9, 12, 10, 11, 14, 0, 5, 11, 0, 8, 0, 0, 9, 13, 0, 11, 0, 6, 0, 0, 0,
0, 12, 7, 10, 8, 6, 11, 10, 5, 0, 0, 5, 7, 9, 0, 7, 10, 9, 12, 10, 0, 8, 7, 11, 7, 9, 7, 9, 7, 5, 5, 0, 0, 8,
11, 5, 14, 0, 7, 5, 0, 0, 4, 4, 14, 7, 7, 11, 10, 12, 7, 14, 0, 7, 8, 12, 0, 7, 0, 7, 5, 8, 9, 11, 0, 12, 9, 0,
9, 5, 10, 7, 4, 12, 6, 13, 7, 0, 0, 9, 7, 0, 0, 6, 8, 8, 8, 8, 12, 0, 11, 12, 7, 11, 12, 0, 5, 10, 11, 0, 8, 8,
5, 0, 0, 10, 6, 10, 0, 0, 12, 11, 8, 3, 6, 13, 0, 0, 0, 7, 0, 10, 0, 6, 9, 0, 7, 6, 6, 12, 8, 6, 0, 10, 9, 0,
0, 7, 9, 0, 8, 7, 0, 12, 8, 12, 8, 7, 0, 12, 0, 11, 0, 6, 8, 14, 7, 0, 9, 0, 8, 11, 9, 11, 9, 8, 9, 0, 9, 0, 4,
5, 0, 5, 11, 0, 8, 7, 0, 12, 12, 11, 0, 6, 0, 11, 10, 0, 8, 7, 5, 9, 3, 0, 12, 7, 5, 13, 8, 11, 11, 3, 14, 0,
0, 8, 11, 0, 11, 0, 8, 5, 0, 6, 9, 7, 0, 0, 13, 6, 9, 8, 0, 0, 5, 0, 11, 0, 0, 5, 8, 11, 5, 11, 9, 13, 11, 9,
7, 13, 10, 0, 7, 0, 0, 8, 13, 6, 0, 5, 4, 12, 0, 9, 10, 0, 0, 10, 0, 0, 12, 11, 6, 0, 0, 11, 9, 0, 3, 11, 8, 0,
0, 13, 7, 10, 7, 0, 8, 6, 10, 7, 12, 7, 0, 11, 11, 10, 9, 0, 0, 0, 0, 6, 0, 0, 0, 0, 0, 9, 12, 5, 7, 6, 6, 8,
0, 9, 7, 0, 7, 9, 12, 0, 0, 0, 6, 10, 7, 10, 8, 7, 11, 0, 13, 7, 6, 5, 7, 11, 0, 6, 9, 10, 5, 10, 0, 11, 6, 0,
7, 7, 7, 6, 14, 5, 7, 12, 0, 4, 8, 0, 0, 0, 11, 10, 10, 0, 0, 6, 0, 7, 14, 5, 13, 9, 0, 7, 0, 0, 6, 0, 7, 0, 0,
7, 0, 5, 8, 5, 9, 7, 0, 6, 7, 0, 9, 13, 11, 0, 0, 0, 7, 10, 8, 10, 4, 0, 10, 3, 11, 6, 0, 0, 0, 0, 12, 8, 0,
10, 12, 6, 11, 8, 5, 0, 7, 0, 14, 8, 0, 4, 5, 0, 0, 9, 0, 14, 5, 9, 5, 14, 0, 0, 5, 0, 12, 11, 4, 10, 8, 7, 8,
0, 7, 0, 9, 9, 11, 11, 0, 10, 9, 14, 10, 0, 11, 0, 6, 14, 10, 0, 9, 0, 0, 9, 10, 7, 10, 9, 0, 7, 11, 0, 0, 11,
14, 13, 0, 9, 10, 0, 9, 0, 11, 12, 5, 8, 13, 0, 0, 6, 10, 8, 7, 0, 13, 13, 11, 12, 12, 11, 13, 5, 3, 4, 8, 5,
0, 11, 7, 12, 0, 8, 8, 10, 8, 0, 12, 9, 8, 10, 7, 0, 11, 0, 11, 12, 0, 10, 0, 0, 9, 0, 9, 9, 9, 13, 7, 4, 0, 0,
3, 12, 5, 0, 6, 11, 9, 10, 0, 0, 0, 0, 0, 10, 2, 7, 7, 0, 10, 8, 11, 7, 5, 10, 12, 8, 0, 9, 6, 14, 9, 0, 10, 7,
6, 13, 5, 12, 12, 10, 11, 0, 14, 0, 11, 10, 0, 10, 0, 5, 10, 8, 10, 0, 0, 0, 7, 12, 13, 9, 6, 8, 0, 10, 0, 11,
7, 9, 10, 11, 6, 9, 8, 0, 0, 0, 0, 12, 0, 0, 11, 12, 11, 10, 10, 0, 0, 0, 6, 13, 10, 6, 12, 0, 11, 6, 9, 0, 7,
11, 8, 5, 9, 0, 10, 6, 7, 0, 12, 0, 10, 0, 13, 0, 9, 0, 0, 3, 8, 0, 14, 9, 9, 0, 11, 7, 9, 3, 11, 11, 5, 8, 12,
9, 5, 13, 8, 11, 0, 7, 8, 0, 0, 11, 11, 0, 6, 0, 6, 9, 0, 10, 7, 0, 10, 0, 0, 14, 6, 6, 10, 12, 0, 8, 8, 0, 7,
13, 4, 10, 0, 7, 7, 9, 9, 6, 4, 6, 10, 7, 0, 12, 8, 10, 8, 5, 0, 6, 11, 5, 7, 12, 10, 13, 0, 0, 0, 6, 0, 6, 0,
0, 0, 10, 14, 8, 7, 7, 11, 0, 5, 0, 11, 5, 12, 0, 10, 8, 7, 8, 5, 0, 6, 0, 7)
