N <- 1100
y <- 
c(6, 41, 5, 14, 14, 27, 89, 1, 18, 97, 31, 22, 9, 28, 14, 32, 7, 24, 22, 24, 35, 8, 8, 33, 5, 92, 9, 82, 104,
71, 4, 1, 83, 37, 63, 105, 7, 25, 5, 6, 2, 31, 30, 16, 17, 11, 20, 19, 35, 5, 39, 1, 44, 12, 26, 2, 20, 46, 21, 32,
11, 38, 14, 7, 103, 30, 1, 5, 35, 81, 37, 76, 4, 17, 7, 97, 19, 2, 36, 96, 20, 8, 82, 72, 78, 68, 102, 28, 29, 2,
40, 7, 71, 18, 28, 6, 7, 10, 6, 76, 0, 42, 15, 39, 12, 63, 33, 19, 38, 7, 91, 14, 10, 72, 34, 11, 18, 4, 31, 1, 95,
2, 69, 6, 7, 31, 9, 10, 3, 8, 33, 30, 42, 7, 22, 12, 23, 19, 0, 8, 47, 32, 18, 19, 15, 6, 78, 90, 20, 7, 18, 9, 7,
11, 79, 0, 1, 9, 1, 7, 7, 6, 88, 15, 14, 23, 8, 77, 17, 2, 25, 62, 16, 8, 12, 29, 44, 9, 22, 17, 5, 83, 2, 29, 83,
71, 12, 29, 8, 22, 31, 4, 61, 42, 3, 5, 14, 84, 64, 7, 19, 64, 7, 68, 17, 0, 74, 5, 72, 1, 89, 9, 0, 8, 8, 9, 16,
70, 4, 6, 30, 82, 17, 6, 2, 1, 39, 39, 25, 1, 9, 36, 12, 7, 2, 25, 27, 2, 33, 10, 3, 2, 18, 78, 4, 10, 91, 7, 41,
103, 61, 5, 100, 10, 36, 10, 85, 8, 58, 14, 11, 34, 15, 0, 46, 34, 21, 6, 10, 85, 38, 29, 6, 88, 32, 16, 11, 101, 4,
9, 25, 11, 17, 7, 9, 7, 9, 6, 12, 6, 8, 8, 2, 4, 7, 17, 85, 2, 39, 3, 14, 40, 60, 16, 7, 61, 33, 3, 37, 0, 11, 33,
80, 15, 28, 102, 3, 96, 8, 3, 52, 0, 3, 40, 51, 88, 6, 2, 26, 88, 4, 6, 8, 63, 11, 12, 7, 95, 19, 75, 37, 32, 16, 0,
83, 9, 73, 2, 36, 15, 5, 36, 19, 103, 0, 15, 21, 3, 35, 2, 0, 88, 46, 2, 3, 32, 6, 42, 18, 10, 80, 102, 23, 7, 81,
2, 8, 89, 3, 86, 10, 9, 74, 38, 20, 9, 92, 39, 4, 37, 10, 27, 13, 43, 7, 73, 13, 6, 1, 11, 4, 12, 7, 17, 86, 10, 8,
78, 16, 29, 26, 1, 5, 81, 39, 28, 3, 92, 86, 7, 14, 2, 86, 43, 14, 34, 78, 39, 42, 72, 9, 16, 39, 0, 23, 9, 15, 7,
67, 12, 1, 85, 1, 36, 8, 33, 11, 31, 46, 10, 7, 86, 2, 20, 11, 14, 16, 45, 5, 32, 30, 12, 18, 27, 5, 1, 75, 7, 100,
65, 8, 9, 6, 3, 73, 9, 2, 6, 15, 98, 79, 7, 0, 3, 10, 2, 88, 3, 8, 5, 89, 3, 11, 16, 5, 34, 1, 76, 10, 28, 5, 2, 6,
11, 46, 6, 8, 17, 18, 11, 15, 10, 72, 85, 4, 9, 81, 11, 11, 41, 93, 6, 41, 4, 6, 14, 75, 4, 9, 33, 9, 41, 14, 18,
11, 10, 81, 27, 77, 17, 9, 8, 15, 15, 2, 1, 38, 76, 6, 34, 11, 15, 84, 17, 5, 4, 12, 27, 20, 18, 10, 6, 0, 18, 25,
6, 2, 68, 22, 80, 68, 4, 24, 2, 19, 1, 83, 16, 14, 4, 96, 8, 7, 28, 1, 64, 10, 35, 2, 9, 6, 80, 75, 16, 13, 16, 34,
7, 25, 16, 10, 73, 78, 14, 31, 7, 20, 11, 29, 89, 56, 84, 18, 8, 21, 63, 8, 7, 38, 28, 74, 62, 90, 16, 9, 69, 25,
12, 5, 26, 2, 37, 36, 6, 20, 19, 5, 23, 11, 74, 30, 5, 37, 92, 9, 34, 12, 29, 17, 18, 44, 8, 29, 34, 1, 74, 2, 69,
9, 18, 5, 1, 84, 5, 19, 8, 12, 1, 10, 7, 102, 7, 77, 90, 18, 41, 18, 5, 39, 12, 8, 6, 7, 12, 7, 90, 25, 15, 32, 6,
22, 6, 33, 7, 7, 6, 0, 78, 12, 44, 18, 65, 13, 28, 75, 9, 5, 10, 1, 8, 5, 18, 33, 28, 7, 11, 6, 20, 25, 97, 72, 10,
12, 8, 9, 72, 10, 21, 9, 27, 22, 16, 93, 6, 18, 22, 0, 24, 8, 36, 71, 27, 10, 37, 11, 17, 10, 82, 22, 7, 31, 6, 12,
8, 2, 7, 4, 36, 1, 12, 17, 84, 114, 7, 32, 22, 36, 9, 47, 34, 63, 15, 77, 13, 9, 2, 62, 12, 8, 40, 10, 82, 9, 86,
36, 21, 6, 7, 23, 9, 16, 80, 86, 36, 79, 74, 16, 16, 10, 25, 10, 18, 73, 89, 11, 39, 5, 29, 40, 69, 38, 80, 17, 11,
76, 14, 20, 12, 41, 8, 37, 61, 43, 6, 6, 1, 10, 25, 37, 90, 12, 14, 4, 12, 6, 9, 21, 19, 14, 41, 13, 21, 79, 85, 30,
1, 4, 8, 33, 4, 18, 6, 83, 90, 80, 13, 23, 93, 13, 1, 18, 91, 93, 0, 8, 9, 8, 19, 101, 89, 5, 36, 16, 5, 8, 6, 92,
78, 8, 5, 32, 8, 14, 10, 43, 10, 36, 7, 5, 3, 26, 61, 9, 81, 18, 40, 6, 16, 5, 7, 66, 2, 5, 9, 79, 0, 75, 17, 8, 71,
9, 19, 5, 67, 10, 35, 23, 5, 5, 26, 10, 11, 45, 9, 14, 41, 32, 32, 10, 21, 13, 16, 6, 13, 94, 6, 13, 28, 17, 5, 15,
6, 36, 3, 47, 15, 0, 18, 13, 4, 68, 30, 9, 14, 43, 83, 70, 92, 12, 4, 35, 35, 7, 13, 81, 9, 96, 3, 18, 30, 80, 3,
87, 39, 25, 21, 51, 32, 9, 10, 4, 8, 18, 1, 3, 30, 88, 4, 4, 16, 12, 2, 6, 79, 20, 70, 91, 3, 31, 19, 13, 5, 35, 1,
6, 2, 6, 7, 16, 10, 4, 24, 91, 75, 10, 37, 0, 12, 87, 2, 17, 41, 78, 76, 82, 74, 18, 84, 17, 40, 38, 7, 19, 5, 7, 4,
2, 12, 75, 8, 61, 7, 12, 18, 20, 27, 21, 67, 91, 22, 13, 9, 2, 83, 32, 3, 6, 10, 25, 2, 30, 12, 93, 26, 35, 6, 7,
64, 2, 3, 25, 35, 2, 16, 17, 33, 17, 77, 0, 41, 9, 32, 41, 101, 28, 5, 68, 8, 13, 11, 23, 20, 10, 74, 70, 29, 39,
30, 59, 4)
N_exp <- 21
