N_exp <- 21
log_rho_T <- 
c(1.47306537876771, -0.972269358070032, -0.377192293192957, -0.27328339766975, 0.944940557206448,
-0.460832619427077, 0.968856391898197, -0.623756440350608, 1.03897737469027, 0.0148418827235503, 0.614973928903083,
1.54186976411518, 1.2015270195043, -1.5047580432211, 0.570562919641944, -0.309667389079461, -0.564382748204453,
0.431162900681768, 0.213430854397382, 0.704931529534107, 1.10958980416261)
