N <- 50
K <- 5
y <- c(4, 4, 2, 3, 2, 3, 3, 3, 3, 4, 3, 4, 4, 4, 4, 4, 4, 4, 3, 4, 5, 4, 3, 4,
       5, 3, 4, 5, 4, 3, 4, 4, 4, 4, 5, 3, 5, 5, 2, 5, 2, 2, 3, 4, 5, 5, 4, 3,
       3, 4)
