N <- 960
N_factor1_levels <- 4
N_factor2_levels <- 16
N_factor3_levels <- 64
obs_to_factor3 <- 
c(1, 1, 1, 1, 1, 1, 1, 1, 1, 1, 1, 1, 1, 1, 1, 2, 2, 2, 2, 2, 2, 2, 2, 2, 2, 2, 2, 2, 2, 2,
3, 3, 3, 3, 3, 3, 3, 3, 3, 3, 3, 3, 3, 3, 3, 4, 4, 4, 4, 4, 4, 4, 4, 4, 4, 4, 4, 4, 4, 4, 5, 5, 5, 5, 5, 5, 5,
5, 5, 5, 5, 5, 5, 5, 5, 6, 6, 6, 6, 6, 6, 6, 6, 6, 6, 6, 6, 6, 6, 6, 7, 7, 7, 7, 7, 7, 7, 7, 7, 7, 7, 7, 7, 7,
7, 8, 8, 8, 8, 8, 8, 8, 8, 8, 8, 8, 8, 8, 8, 8, 9, 9, 9, 9, 9, 9, 9, 9, 9, 9, 9, 9, 9, 9, 9, 10, 10, 10, 10, 10,
10, 10, 10, 10, 10, 10, 10, 10, 10, 10, 11, 11, 11, 11, 11, 11, 11, 11, 11, 11, 11, 11, 11, 11, 11, 12, 12, 12,
12, 12, 12, 12, 12, 12, 12, 12, 12, 12, 12, 12, 13, 13, 13, 13, 13, 13, 13, 13, 13, 13, 13, 13, 13, 13, 13, 14,
14, 14, 14, 14, 14, 14, 14, 14, 14, 14, 14, 14, 14, 14, 15, 15, 15, 15, 15, 15, 15, 15, 15, 15, 15, 15, 15, 15,
15, 16, 16, 16, 16, 16, 16, 16, 16, 16, 16, 16, 16, 16, 16, 16, 17, 17, 17, 17, 17, 17, 17, 17, 17, 17, 17, 17,
17, 17, 17, 18, 18, 18, 18, 18, 18, 18, 18, 18, 18, 18, 18, 18, 18, 18, 19, 19, 19, 19, 19, 19, 19, 19, 19, 19,
19, 19, 19, 19, 19, 20, 20, 20, 20, 20, 20, 20, 20, 20, 20, 20, 20, 20, 20, 20, 21, 21, 21, 21, 21, 21, 21, 21,
21, 21, 21, 21, 21, 21, 21, 22, 22, 22, 22, 22, 22, 22, 22, 22, 22, 22, 22, 22, 22, 22, 23, 23, 23, 23, 23, 23,
23, 23, 23, 23, 23, 23, 23, 23, 23, 24, 24, 24, 24, 24, 24, 24, 24, 24, 24, 24, 24, 24, 24, 24, 25, 25, 25, 25,
25, 25, 25, 25, 25, 25, 25, 25, 25, 25, 25, 26, 26, 26, 26, 26, 26, 26, 26, 26, 26, 26, 26, 26, 26, 26, 27, 27,
27, 27, 27, 27, 27, 27, 27, 27, 27, 27, 27, 27, 27, 28, 28, 28, 28, 28, 28, 28, 28, 28, 28, 28, 28, 28, 28, 28,
29, 29, 29, 29, 29, 29, 29, 29, 29, 29, 29, 29, 29, 29, 29, 30, 30, 30, 30, 30, 30, 30, 30, 30, 30, 30, 30, 30,
30, 30, 31, 31, 31, 31, 31, 31, 31, 31, 31, 31, 31, 31, 31, 31, 31, 32, 32, 32, 32, 32, 32, 32, 32, 32, 32, 32,
32, 32, 32, 32, 33, 33, 33, 33, 33, 33, 33, 33, 33, 33, 33, 33, 33, 33, 33, 34, 34, 34, 34, 34, 34, 34, 34, 34,
34, 34, 34, 34, 34, 34, 35, 35, 35, 35, 35, 35, 35, 35, 35, 35, 35, 35, 35, 35, 35, 36, 36, 36, 36, 36, 36, 36,
36, 36, 36, 36, 36, 36, 36, 36, 37, 37, 37, 37, 37, 37, 37, 37, 37, 37, 37, 37, 37, 37, 37, 38, 38, 38, 38, 38,
38, 38, 38, 38, 38, 38, 38, 38, 38, 38, 39, 39, 39, 39, 39, 39, 39, 39, 39, 39, 39, 39, 39, 39, 39, 40, 40, 40,
40, 40, 40, 40, 40, 40, 40, 40, 40, 40, 40, 40, 41, 41, 41, 41, 41, 41, 41, 41, 41, 41, 41, 41, 41, 41, 41, 42,
42, 42, 42, 42, 42, 42, 42, 42, 42, 42, 42, 42, 42, 42, 43, 43, 43, 43, 43, 43, 43, 43, 43, 43, 43, 43, 43, 43,
43, 44, 44, 44, 44, 44, 44, 44, 44, 44, 44, 44, 44, 44, 44, 44, 45, 45, 45, 45, 45, 45, 45, 45, 45, 45, 45, 45,
45, 45, 45, 46, 46, 46, 46, 46, 46, 46, 46, 46, 46, 46, 46, 46, 46, 46, 47, 47, 47, 47, 47, 47, 47, 47, 47, 47,
47, 47, 47, 47, 47, 48, 48, 48, 48, 48, 48, 48, 48, 48, 48, 48, 48, 48, 48, 48, 49, 49, 49, 49, 49, 49, 49, 49,
49, 49, 49, 49, 49, 49, 49, 50, 50, 50, 50, 50, 50, 50, 50, 50, 50, 50, 50, 50, 50, 50, 51, 51, 51, 51, 51, 51,
51, 51, 51, 51, 51, 51, 51, 51, 51, 52, 52, 52, 52, 52, 52, 52, 52, 52, 52, 52, 52, 52, 52, 52, 53, 53, 53, 53,
53, 53, 53, 53, 53, 53, 53, 53, 53, 53, 53, 54, 54, 54, 54, 54, 54, 54, 54, 54, 54, 54, 54, 54, 54, 54, 55, 55,
55, 55, 55, 55, 55, 55, 55, 55, 55, 55, 55, 55, 55, 56, 56, 56, 56, 56, 56, 56, 56, 56, 56, 56, 56, 56, 56, 56,
57, 57, 57, 57, 57, 57, 57, 57, 57, 57, 57, 57, 57, 57, 57, 58, 58, 58, 58, 58, 58, 58, 58, 58, 58, 58, 58, 58,
58, 58, 59, 59, 59, 59, 59, 59, 59, 59, 59, 59, 59, 59, 59, 59, 59, 60, 60, 60, 60, 60, 60, 60, 60, 60, 60, 60,
60, 60, 60, 60, 61, 61, 61, 61, 61, 61, 61, 61, 61, 61, 61, 61, 61, 61, 61, 62, 62, 62, 62, 62, 62, 62, 62, 62,
62, 62, 62, 62, 62, 62, 63, 63, 63, 63, 63, 63, 63, 63, 63, 63, 63, 63, 63, 63, 63, 64, 64, 64, 64, 64, 64, 64,
64, 64, 64, 64, 64, 64, 64, 64)
factor3_to_factor2 <- 
c(1, 1, 1, 1, 2, 2, 2, 2, 3, 3, 3, 3, 4, 4, 4, 4, 5, 5, 5, 5, 6, 6, 6, 6, 7, 7, 7, 7, 8,
8, 8, 8, 9, 9, 9, 9, 10, 10, 10, 10, 11, 11, 11, 11, 12, 12, 12, 12, 13, 13, 13, 13, 14, 14, 14, 14, 15, 15, 15,
15, 16, 16, 16, 16)
factor2_to_factor1 <- 
c(1, 1, 1, 1, 2, 2, 2, 2, 3, 3, 3, 3, 4, 4, 4, 4)
y <- 
c(52, 36, 42, 28, 59, 46, 43, 26, 41, 43, 58, 29, 49, 20, 53, 35, 42, 37, 26, 33, 25, 37, 32, 20, 31, 34,
60, 29, 26, 35, 44, 17, 20, 30, 29, 57, 51, 27, 24, 31, 22, 28, 52, 31, 36, 19, 19, 7, 5, 19, 13, 17, 26, 16,
20, 18, 24, 23, 17, 22, 13, 14, 8, 14, 11, 9, 16, 16, 16, 16, 6, 12, 17, 10, 16, 25, 10, 8, 26, 25, 20, 23, 16,
27, 26, 30, 13, 19, 25, 18, 29, 24, 28, 24, 25, 27, 31, 22, 45, 45, 35, 26, 26, 32, 16, 12, 10, 15, 7, 8, 7, 14,
6, 16, 23, 20, 22, 10, 20, 11, 23, 25, 23, 21, 19, 30, 32, 35, 25, 27, 31, 28, 26, 22, 23, 24, 14, 26, 29, 30,
42, 25, 16, 25, 23, 17, 26, 34, 24, 21, 15, 22, 9, 6, 11, 7, 21, 15, 12, 8, 13, 10, 7, 7, 13, 16, 18, 37, 12,
20, 25, 13, 25, 11, 19, 16, 18, 32, 20, 19, 19, 12, 11, 12, 23, 17, 12, 10, 20, 20, 15, 21, 11, 18, 21, 32, 28,
14, 27, 25, 31, 27, 25, 28, 24, 21, 40, 29, 24, 28, 19, 9, 13, 17, 10, 19, 19, 21, 18, 17, 10, 12, 25, 19, 18,
22, 9, 34, 33, 19, 26, 27, 18, 14, 16, 26, 19, 30, 15, 21, 18, 14, 18, 20, 21, 16, 11, 19, 19, 6, 16, 9, 12, 9,
12, 30, 26, 44, 38, 41, 15, 35, 33, 41, 25, 26, 22, 36, 18, 17, 21, 11, 13, 13, 13, 5, 13, 19, 13, 17, 21, 18,
24, 13, 25, 26, 17, 15, 18, 17, 25, 27, 12, 14, 26, 30, 28, 18, 27, 16, 19, 39, 31, 17, 34, 47, 22, 32, 36, 30,
33, 19, 29, 19, 14, 29, 22, 29, 25, 20, 34, 23, 40, 10, 35, 16, 16, 16, 49, 20, 44, 37, 28, 28, 34, 62, 32, 32,
47, 55, 42, 50, 68, 50, 53, 17, 27, 24, 16, 10, 27, 29, 23, 25, 32, 25, 24, 26, 21, 25, 27, 42, 50, 52, 42, 37,
46, 47, 27, 39, 32, 31, 56, 44, 38, 47, 19, 38, 37, 31, 37, 33, 17, 43, 26, 29, 38, 35, 28, 30, 37, 41, 27, 30,
21, 41, 36, 20, 34, 43, 24, 31, 26, 34, 27, 46, 27, 37, 46, 36, 36, 22, 50, 71, 30, 30, 35, 47, 42, 48, 32, 31,
27, 39, 35, 51, 23, 27, 30, 28, 38, 31, 30, 16, 45, 44, 34, 44, 41, 50, 44, 39, 31, 44, 31, 31, 39, 40, 52, 19,
9, 11, 11, 5, 8, 11, 10, 10, 16, 11, 11, 13, 9, 14, 9, 27, 31, 37, 38, 32, 40, 14, 35, 25, 27, 34, 44, 36, 24,
20, 21, 22, 28, 20, 22, 24, 24, 21, 27, 23, 21, 24, 26, 22, 23, 8, 8, 10, 7, 16, 7, 10, 8, 2, 6, 13, 7, 9, 5,
12, 13, 5, 13, 11, 11, 11, 16, 12, 13, 10, 13, 11, 15, 10, 10, 7, 6, 10, 6, 15, 11, 12, 8, 11, 12, 21, 7, 10,
12, 6, 8, 4, 9, 4, 9, 15, 11, 12, 7, 7, 11, 8, 10, 9, 11, 13, 8, 17, 8, 4, 8, 9, 7, 16, 8, 11, 9, 8, 14, 18, 6,
7, 10, 8, 6, 8, 10, 5, 10, 9, 5, 6, 7, 5, 8, 14, 14, 11, 11, 8, 15, 5, 13, 13, 16, 7, 9, 5, 16, 8, 10, 20, 9,
12, 13, 17, 4, 9, 14, 21, 12, 18, 11, 17, 16, 4, 15, 7, 11, 14, 10, 20, 13, 7, 13, 10, 10, 4, 11, 8, 17, 13, 16,
4, 10, 9, 9, 15, 12, 7, 11, 13, 7, 5, 10, 9, 12, 8, 17, 9, 13, 15, 6, 12, 12, 10, 14, 7, 7, 11, 15, 16, 12, 11,
16, 11, 14, 15, 2, 12, 6, 15, 22, 16, 11, 15, 15, 15, 8, 11, 12, 11, 9, 14, 14, 12, 10, 15, 11, 11, 5, 6, 9, 17,
15, 10, 7, 3, 16, 14, 10, 8, 14, 12, 13, 6, 7, 7, 15, 6, 13, 3, 13, 6, 9, 11, 17, 17, 12, 14, 10, 2, 16, 7, 9,
11, 11, 4, 6, 12, 6, 12, 7, 7, 7, 9, 11, 13, 12, 8, 14, 4, 6, 16, 9, 9, 13, 9, 8, 5, 8, 9, 9, 8, 8, 16, 4, 10,
7, 10, 11, 9, 16, 9, 7, 9, 7, 10, 12, 6, 12, 8, 18, 12, 10, 15, 11, 9, 7, 4, 12, 13, 13, 20, 16, 6, 11, 13, 6,
13, 16, 11, 13, 17, 21, 13, 17, 4, 14, 11, 10, 11, 8, 19, 6, 12, 12, 8, 13, 11, 6, 7, 8, 8, 6, 7, 7, 9, 13, 12,
17, 9, 14, 11, 16, 5, 12, 6, 4, 20, 5, 8, 8, 9, 4, 7, 11, 13, 17, 11, 14, 9, 10, 8, 2, 14, 7, 11, 11, 18, 16,
14, 21, 12, 12, 7, 8, 5, 13, 5, 13, 14, 8, 4, 16, 6, 5, 12, 12, 10, 15, 16, 13, 6, 14, 12, 7, 8, 3, 8, 6, 7, 11,
8, 10, 14, 6, 17, 16, 7, 14, 8, 17, 9, 11, 12, 5, 14, 13, 14, 23, 21, 22, 15, 24, 13, 13, 13, 15, 13, 23, 17,
25, 24, 14, 6, 9, 16, 4, 7, 15, 1, 7, 8, 5, 12, 6, 7, 8, 5, 16, 14, 22, 9, 29, 22, 18, 25, 27, 10, 11, 16, 12,
13, 17, 29, 24, 22, 36, 32, 12, 23, 18, 27, 24, 29, 36, 22, 24, 29)
