N <- 750
N_factor1_levels <- 5
N_factor2_levels <- 25
N_factor3_levels <- 125
obs_to_factor3 <- 
c(85, 22, 91, 120, 36, 19, 46, 25, 83, 47, 46, 96, 64, 118, 94, 11, 43, 116, 122,
76, 23, 22, 69, 62, 69, 120, 103, 112, 123, 122, 116, 21, 11, 75, 104, 121, 102, 117, 109, 77, 116,
58, 60, 121, 51, 79, 72, 57, 81, 51, 82, 43, 89, 57, 49, 75, 78, 60, 111, 41, 117, 42, 17, 108, 46,
45, 66, 2, 49, 39, 26, 102, 50, 55, 49, 62, 6, 86, 56, 94, 9, 83, 114, 120, 34, 109, 65, 6, 27, 110,
40, 17, 82, 2, 17, 114, 21, 38, 93, 116, 74, 28, 111, 41, 48, 24, 12, 35, 118, 54, 96, 114, 53, 42,
124, 9, 112, 107, 99, 85, 31, 99, 92, 85, 62, 25, 118, 42, 82, 117, 74, 103, 43, 26, 61, 122, 114, 49,
24, 51, 75, 116, 49, 114, 62, 78, 115, 69, 117, 23, 90, 15, 51, 125, 103, 22, 19, 65, 16, 42, 12, 44,
106, 83, 78, 95, 62, 67, 110, 42, 59, 13, 105, 93, 63, 65, 41, 36, 57, 35, 107, 59, 108, 59, 46, 71,
101, 96, 15, 116, 10, 39, 53, 55, 50, 56, 107, 26, 116, 14, 95, 102, 125, 107, 104, 31, 101, 105, 80,
62, 93, 110, 58, 101, 75, 88, 76, 9, 32, 110, 58, 91, 70, 118, 125, 47, 107, 54, 8, 36, 24, 105, 95,
65, 95, 83, 2, 42, 53, 98, 31, 123, 61, 74, 115, 44, 16, 122, 63, 32, 81, 72, 109, 117, 76, 115, 116,
104, 36, 48, 123, 84, 70, 4, 113, 106, 90, 19, 88, 25, 71, 82, 92, 100, 117, 41, 5, 75, 24, 74, 58, 7,
39, 103, 73, 26, 117, 27, 34, 117, 77, 11, 19, 21, 115, 50, 104, 67, 31, 83, 34, 113, 21, 9, 85, 77,
74, 71, 90, 31, 40, 2, 9, 4, 115, 2, 50, 105, 89, 107, 19, 86, 38, 70, 50, 102, 40, 72, 107, 111, 41,
42, 72, 123, 88, 16, 40, 35, 15, 72, 28, 10, 2, 88, 26, 67, 7, 62, 60, 70, 24, 98, 60, 34, 17, 105,
122, 57, 6, 31, 77, 109, 23, 98, 121, 74, 15, 72, 44, 58, 29, 47, 118, 9, 60, 65, 9, 62, 101, 16, 1,
24, 115, 12, 74, 115, 95, 83, 24, 46, 46, 7, 45, 47, 98, 102, 68, 56, 15, 18, 9, 56, 22, 125, 57, 78,
88, 80, 43, 97, 20, 46, 97, 112, 31, 117, 5, 32, 74, 61, 69, 102, 109, 45, 120, 105, 53, 103, 74, 59,
48, 119, 109, 43, 67, 36, 83, 92, 30, 15, 29, 52, 47, 51, 29, 6, 22, 59, 97, 87, 112, 64, 5, 112, 91,
24, 83, 19, 1, 46, 69, 69, 80, 58, 28, 84, 115, 88, 40, 65, 108, 17, 57, 58, 80, 16, 15, 16, 54, 84,
120, 3, 6, 86, 78, 108, 105, 52, 14, 62, 9, 113, 44, 86, 65, 61, 100, 97, 6, 27, 52, 74, 26, 35, 63,
63, 34, 19, 93, 27, 43, 120, 124, 37, 84, 63, 125, 49, 14, 104, 22, 10, 6, 67, 29, 108, 117, 98, 50,
35, 35, 29, 6, 68, 118, 104, 97, 77, 100, 60, 41, 54, 56, 44, 10, 27, 67, 87, 82, 73, 53, 20, 118,
114, 116, 38, 118, 22, 52, 10, 9, 66, 31, 3, 4, 53, 68, 107, 89, 67, 124, 78, 5, 70, 1, 66, 125, 45,
32, 92, 33, 122, 59, 83, 125, 47, 78, 81, 61, 57, 84, 15, 21, 69, 11, 83, 83, 40, 57, 125, 48, 120,
123, 107, 103, 98, 124, 58, 1, 95, 6, 52, 33, 108, 111, 52, 65, 35, 114, 10, 50, 98, 106, 64, 108, 73,
68, 5, 15, 15, 89, 111, 86, 41, 101, 97, 72, 114, 94, 46, 91, 60, 101, 22, 29, 23, 67, 16, 33, 86,
101, 86, 102, 29, 25, 39, 118, 86, 78, 3, 82, 102, 78, 81, 43, 52, 120, 63, 98, 31, 113, 90, 91, 111,
32, 121, 37, 123, 53, 6, 65, 13, 48, 71, 111, 32, 85, 109, 111, 35, 113, 39, 17, 9, 53, 116, 78, 90,
84, 2, 45, 50, 44, 21, 74, 95, 115, 120, 28, 82, 98, 7, 97, 42, 27, 103, 100, 15, 110, 17, 96, 68, 88,
34, 66, 100, 78, 75, 84, 24, 33, 118, 62, 102, 92, 68, 118, 27, 38, 114, 96, 16, 21, 50, 122, 72, 16,
122, 61, 85)
factor3_to_factor2 <- 
c(25, 5, 9, 3, 18, 15, 9, 16, 22, 22, 14, 6, 4, 8, 13, 5, 14, 5, 18, 8, 5, 1,
1, 14, 22, 9, 11, 5, 14, 19, 25, 15, 24, 8, 22, 14, 6, 2, 14, 15, 24, 24, 11, 6, 17, 25, 18, 7, 1, 1,
14, 3, 6, 4, 21, 18, 12, 5, 23, 19, 13, 11, 13, 18, 23, 8, 7, 10, 22, 18, 20, 16, 8, 18, 16, 4, 1, 3,
5, 24, 15, 14, 24, 22, 10, 13, 16, 20, 14, 17, 22, 19, 18, 23, 18, 15, 11, 10, 12, 23, 1, 12, 4, 14,
8, 9, 3, 21, 8, 22, 25, 15, 13, 19, 11, 7, 23, 19, 16, 2, 19, 23, 8, 20, 8)
factor2_to_factor1 <- 
c(4, 4, 5, 4, 1, 5, 3, 5, 5, 3, 3, 3, 2, 2, 2, 5, 1, 2, 4, 1, 5, 1, 3, 2, 5)
y <- 
c(4.18297579600703, 5.6378713014121, 7.02573716417951, -0.128789781533747, 3.90836890733512,
4.67374306919799, 2.12550420850688, 7.69648932732149, 3.67291857381844, 3.83873216610595,
3.47585393487905, 8.91969738636496, 3.19776544063492, 5.15598360597932, 4.01220315611269,
7.06821800006195, 0.762074794207753, 9.77415104789142, 4.18757453501946, 6.0819121975928,
9.90426711226523, 7.23893663709981, 7.2119654081598, 3.04274582007345, 4.49726923819975,
0.155209728810037, 3.3437002655077, 7.49608019671806, 6.19636607401215, 6.43879788732003,
8.2914308549891, 7.07878910544375, 7.69244789184991, 11.3387264313393, 6.01116121831828,
7.40407154168701, 0.977888921639799, 3.91646592362182, 6.54752909023274, 6.49827040326932,
8.79609637515248, 6.90575193975328, 6.0024227348697, 7.21641916542206, 11.0166630807765,
6.69674402415657, 7.92552288077071, 2.90186124585928, 9.0079258942684, 9.46924357206678,
10.2545995002319, 0.802105410981443, 5.28333598356141, 4.06438946285451, 5.97912745757451,
9.47303730249523, 6.74942661648845, 4.0594738165902, 3.07722891509896, 4.38738436779663,
4.22109427816143, 5.27074210381573, 1.75468185376526, 9.25779401136726, 4.02349866279418,
13.5601524667338, 3.45798217725648, 6.98734647282151, 7.12494176301249, 11.7011691612316,
4.58061284864878, 3.49106173159656, 6.6377870241726, 7.38282899079806, 3.22127115879818,
5.88997097996187, 9.64803054456584, 8.22663031601615, 7.79103896095493, 6.04827017877748,
8.24867126976784, 4.28505944399712, 5.65799754337371, 0.568879083185426, 4.3590755164994,
5.75356623107584, 4.83597187910615, 9.21384535558381, 2.37134689040257, 7.21711274632224,
6.82001841984819, 2.50855802335454, 7.92932401452675, 5.6799866478069, 2.10733451668356,
7.60106250055517, 6.8346713880983, 4.4951153847896, 4.55725009590273, 9.17424507026386,
6.81945740432795, 8.25333971984125, 3.31603167215711, 5.86568850623458, 8.14083596635592,
5.21144992874371, 1.18041055702947, 7.08152580808715, 5.63575816193484, 3.59180833982421,
8.9354005032205, 7.09774331317089, -7.0375600882445, 7.07983348027969, 7.24782621234491,
7.64886109567773, 6.47640217106045, 1.13898100169881, 5.59859651922186, 3.76578672095026,
3.71341143997383, 5.56821582250157, 5.64085575440021, 4.47431165982115, 2.6339472381702,
6.84853863351691, 5.19516801024483, 4.58654084438588, 5.22717387281221, 4.17054508101975,
6.10292486799078, 2.87717407672722, 1.1190060054177, 5.19830313283367, 6.08705070171632,
6.77299959702876, 4.60488254171997, 4.83937474127604, 6.67583017276234, 9.96208188070255,
10.3211826311126, 8.51372937110601, 4.51998882246627, 5.2578821238769, 2.69452626837046,
7.27872190979178, 1.21287615071015, 7.71371683784625, 5.05673876611323, 7.46898213983808,
7.73814064501856, 6.67290583462449, 11.3207645628448, 4.05505565817122, 2.19627390496858,
8.08844342366254, 4.61518903671297, 6.35408921915024, 6.24754081833914, 4.07444338933426,
2.21966525796304, 3.54794349108718, 3.1543653197352, 6.47426811848874, 3.84334632533432,
3.29110607949314, 1.65836673792064, 2.16179343886737, 7.34898362218544, 4.84056218282968,
2.44077776525193, 2.5569780637976, 5.12298872791407, 5.92853847982663, 9.78293960495692,
5.39048874010169, 6.52906672099294, 6.88661838994476, 2.82023946738998, 7.90832201747245,
2.22426894655095, 4.23482792730588, 6.78472711389029, 2.59054818804529, 2.55171931720301,
5.96797786290073, 5.02844900947155, 7.74330539644087, 8.47115633501675, 8.91651356478557,
11.8329279100402, 10.1164864531425, -4.12298006630321, 7.35815700989166, 7.02427308512836,
6.75365452171905, -0.837101570690392, 6.21536418869057, 6.8829420163887, 3.53276452624725,
2.4323900112459, 2.53611310751866, 4.56885943995712, 2.89539890116751, 6.47194340116678,
5.143223047581, 6.1173451473105, 3.45447226214586, 5.35921542748568, 2.76364607254779,
2.97372281806027, 9.20059134727533, 8.27540129472695, 4.45587816088891, 10.0889173437002,
6.94293657471788, 6.06793043722516, 6.50805094722292, 7.87123662900328, 7.02584541195459,
6.34785987694216, 5.52499245731513, 2.75307122503986, 6.33304416919225, 5.78382846052387,
2.87024058707004, 0.339191739561885, 3.43011896902936, 9.24700113867338, 5.48080361990538,
