N <- 300
N_main_factors <- 3
N_main_factor_levels <- 
c(5, 8, 4)
main_factor_level_idx <- 
structure(c(1, 1, 3, 1, 7, 3, 4, 3, 3, 1, 7, 2, 4, 3, 2, 1, 1, 2, 4, 5, 1, 5, 6, 2, 4, 8, 2, 4, 3, 2, 1,
3, 2, 1, 3, 1, 1, 1, 3, 4, 4, 2, 1, 1, 4, 1, 7, 2, 1, 6, 3, 2, 1, 3, 1, 3, 1, 1, 7, 2, 3, 1, 1, 1, 5, 2,
1, 1, 2, 1, 3, 4, 2, 3, 4, 2, 2, 2, 3, 8, 3, 4, 1, 2, 4, 6, 3, 1, 3, 2, 1, 3, 2, 5, 6, 2, 4, 8, 1, 3, 5,
1, 1, 3, 1, 2, 6, 3, 1, 3, 1, 1, 3, 2, 4, 8, 2, 1, 6, 2, 4, 3, 2, 1, 6, 1, 2, 6, 4, 5, 1, 2, 5, 3, 2, 1,
8, 4, 5, 7, 2, 1, 6, 2, 1, 1, 2, 1, 1, 4, 4, 8, 2, 1, 3, 4, 1, 1, 2, 1, 7, 2, 4, 6, 2, 1, 3, 3, 1, 6, 4,
4, 3, 2, 2, 1, 2, 1, 2, 2, 3, 3, 2, 5, 1, 2, 4, 6, 2, 1, 7, 2, 2, 4, 1, 4, 5, 2, 3, 3, 2, 5, 3, 4, 1, 3,
2, 4, 3, 2, 1, 4, 3, 1, 3, 1, 5, 3, 2, 1, 6, 2, 2, 8, 1, 5, 3, 2, 1, 2, 4, 4, 1, 3, 1, 5, 2, 4, 2, 2, 1,
8, 2, 4, 3, 2, 3, 6, 3, 1, 1, 1, 2, 8, 2, 5, 6, 3, 4, 6, 1, 1, 6, 2, 4, 3, 3, 1, 3, 2, 2, 6, 2, 1, 6, 3,
1, 1, 2, 4, 3, 3, 1, 6, 4, 1, 6, 4, 1, 3, 3, 4, 6, 1, 1, 4, 4, 1, 4, 4, 1, 6, 2, 4, 3, 4, 1, 4, 3, 1, 6,
4, 2, 5, 2, 1, 3, 1, 1, 1, 2, 1, 8, 3, 3, 3, 2, 1, 6, 3, 1, 5, 3, 1, 6, 1, 1, 2, 3, 1, 2, 2, 1, 7, 3, 1,
2, 2, 1, 4, 3, 4, 3, 1, 4, 3, 2, 1, 6, 1, 1, 6, 1, 3, 3, 1, 1, 6, 2, 1, 7, 2, 1, 7, 1, 1, 1, 4, 4, 3, 2,
1, 6, 3, 3, 6, 2, 4, 6, 3, 4, 1, 3, 4, 8, 3, 1, 3, 4, 1, 3, 2, 1, 6, 2, 1, 8, 1, 1, 4, 2, 1, 6, 1, 2, 7,
2, 1, 6, 2, 4, 3, 2, 1, 3, 2, 5, 6, 2, 2, 2, 1, 3, 3, 3, 5, 3, 2, 4, 8, 3, 1, 7, 2, 1, 8, 3, 1, 6, 1, 1,
6, 2, 1, 5, 2, 2, 3, 2, 1, 2, 3, 2, 4, 4, 1, 2, 1, 1, 7, 2, 1, 7, 4, 4, 7, 2, 4, 6, 2, 3, 5, 1, 1, 6, 2,
1, 3, 2, 1, 2, 2, 4, 6, 1, 4, 6, 1, 1, 6, 3, 2, 3, 2, 1, 8, 3, 2, 4, 3, 1, 1, 4, 5, 1, 2, 1, 1, 1, 4, 1,
4, 2, 7, 2, 1, 3, 4, 1, 2, 1, 2, 3, 4, 3, 2, 2, 1, 3, 3, 1, 7, 3, 1, 6, 4, 1, 4, 3, 4, 3, 2, 2, 7, 1, 1,
1, 3, 4, 3, 3, 1, 3, 3, 1, 6, 1, 5, 4, 2, 1, 3, 4, 2, 2, 3, 1, 3, 3, 1, 8, 2, 2, 3, 1, 1, 6, 2, 1, 1, 2,
1, 6, 2, 1, 3, 3, 2, 8, 4, 1, 4, 4, 2, 6, 4, 1, 3, 2, 4, 6, 3, 1, 7, 2, 1, 6, 1, 4, 3, 3, 1, 1, 2, 4, 2,
2, 1, 6, 1, 1, 6, 2, 1, 3, 4, 3, 5, 2, 4, 6, 1, 3, 6, 3, 1, 5, 3, 4, 2, 4, 1, 1, 4, 1, 6, 2, 1, 6, 4, 4,
3, 3, 2, 3, 2, 2, 4, 2, 3, 7, 2, 2, 7, 2, 1, 3, 2, 1, 6, 1, 4, 1, 4, 1, 6, 2, 1, 8, 2, 2, 6, 2, 1, 3, 2,
1, 3, 1, 1, 4, 2, 1, 3, 3, 1, 3, 2, 1, 1, 4, 1, 3, 2, 1, 3, 2, 1, 3, 2, 4, 2, 4, 1, 4, 1, 1, 5, 2, 1, 6,
2, 4, 6, 3, 1, 3, 3, 1, 3, 3, 1, 6, 3, 3, 6, 3, 1, 3, 3, 1, 1, 2, 1, 3, 1, 1, 8, 2, 1, 3, 2, 1, 3, 1, 5,
1, 2, 1, 3, 2, 4, 3, 2, 4, 8, 2, 1, 6, 4, 1, 6, 4, 4, 3, 2, 4, 1, 2, 4, 4, 2, 4, 1, 2, 2, 7, 2, 1, 6, 2,
4, 3, 1, 4, 3, 2, 1, 6, 3, 1, 6, 2, 1, 6, 2, 3, 5, 2, 1, 3, 2, 1, 5, 2, 5, 3, 2, 3, 3, 4, 4, 5, 4, 1, 3,
2, 4, 6, 2, 1, 3, 3, 1, 4, 2, 4, 8, 4, 2, 1, 2, 1, 6, 3, 1, 8, 2, 1, 6, 1, 1, 6, 2, 1, 6, 2, 2, 6, 4, 1,
6, 2, 2, 6, 2, 4, 6, 1, 1, 7, 2, 3, 5, 2, 4, 6, 4, 1, 6, 2, 2, 3, 3, 4, 3, 4, 1, 3, 2),
.Dim = c(3, 300))
y <- 
c(10.1078049019725, 11.9423234527269, 9.00568015431401, 3.74929398243325, 6.13846153916928,
1.86939791598227, 2.05013507861921, 12.0558170140449, 2.5375654561774, 7.07766244567085, 11.6624869497753,
9.45851045977811, 10.6601935665283, 20.4762824450482, 6.16740257094157, 7.21228902217543,
21.3449992235689, -1.73015897256063, 6.79879288018178, 6.76467368419762, -4.85265103925991,
4.67770513081025, 2.37059453488402, 12.8884368702141, 10.2374376129002, 3.93016824426964,
8.86771111290632, -1.18344190525263, 20.9006411715047, 11.6073268199222, 11.117653959012,
10.0817678244365, -0.906019267322355, 7.69282365161593, 8.21531516579495, 14.6897932241263,
7.8936669670125, 9.89071454212361, 3.82409329546461, 17.127941458586, 5.39809443640025, 11.7568836111452,
7.43211643691599, -0.126239555533122, 9.71392668998107, 13.2400949924542, -0.992602589642985,
14.8513819304224, 1.47642663928068, 7.09614434227188, 3.26541601622114, 14.3750561169892,
1.03921214305639, 3.95772689861133, 14.8703220074478, 13.8389930945435, 14.3892678354493,
5.02040670048252, -9.51218520534546, 13.2876600064286, 4.34231786658971, 1.87326017344422,
13.0275023989667, 6.80710563567145, 9.63328262863794, 8.25184151711836, 6.15984391317324,
10.9622902357426, 11.4167107035833, 6.15851862688682, 23.0283991569269, 9.07634471311806,
8.64396406855967, 14.2087564725504, 2.55050895770418, 8.43260052886247, 14.396629787246, 6.01644642900935,
1.12653361407685, 9.97158671896833, 8.42280307034508, 5.93760916697074, 21.3834583858158,
-4.36005070938238, 4.69692026614242, 20.5156647302143, 10.6018828600548, 14.0052466343453,
7.99533390761552, 11.2642818472812, 7.80518334610887, 23.3015099858548, 0.146995113193248,
8.37048682023363, 15.2216682048318, 14.7807243735054, 14.6380208684986, 11.4388429334782,
20.9329702037005, 21.0393707428117, 14.6436673514188, 6.49388482331551, 21.861828187288, 14.7707026346034,
2.16479314155752, 6.97514253389723, 3.08063059712412, 10.7044158926125, 5.29011977882703,
21.8266216446235, 7.7621388322296, 14.091929997809, 19.985850384893, 12.0511449199873, 9.84683432885232,
12.6275759233248, 20.486335468157, 2.64163926940126, 5.31652967938844, 13.0160466959713, 14.7426627600606,
1.06381814800658, 14.8966290805206, 7.36676734893898, 1.47749509031682, 7.97302756631388,
4.21383609190542, 20.1038857075873, 14.0594471013232, 21.2490736017427, 5.82428020728724,
7.15749936515902, 12.9473075860043, 10.6095158473913, 15.3455806870024, 6.84210476624102,
17.9396992403253, 13.8141015966414, 3.77928906454784, 16.7446518382689, 3.8625248680948, 10.9108219934762,
13.2668099872478, -1.89940999159902, 8.10454058245246, 9.65247445514481, 6.84031850501607,
6.86830795094659, 12.2773984898952, 12.4780338011272, 16.4520634394744, 4.65661574837327,
7.99824561073211, 17.9126629838466, 18.500369367125, 5.73289306086443, 3.35001055101413, 8.51662826733618,
-1.79342884697326, 13.7907149545632, 7.02654680389235, 14.0711997036647, 11.752202692433,
14.3413510806047, 10.7200443694183, 11.4970802961225, 22.9734908277617, 6.82231083595907,
11.0862675415676, 18.9840176367958, 4.96695563894543, 2.72857915164814, -4.79600528341831,
1.37922194674224, 4.3449881343598, 12.674208718128, 7.38380617552048, 8.80462042441194, 15.5787508961472,
14.2150853858027, 11.4584339667321, 14.8841040416799, 21.3270876227351, 3.96947914599494,
-2.77166937422188, 8.93203029749083, 7.34441220068791, 15.6311639945159, 13.5015837456026,
18.1259239499439, 14.5807735668051, 7.97774470045692, 14.3770876686593, 7.62539132033022,
5.11242162420513, 15.6737515207486, 2.93427080710928, 15.3933576512508, 17.2124637197022,
9.44496370419406, 20.6323169718182, 7.08647096927268, 10.9636954051553, 21.4781750325103, 5.6580099652463,
14.0832545726195, 6.62807431176978, 3.36552652730302, 10.1466864936716, 13.2035072515433,
15.5290289644987, 13.6234457497397, 13.2026815797212, 12.3026714609561, 21.6404940957699,
9.08941665789008, 8.95649852136818, 6.0267450797883, 17.8791997099366, 13.4676131546783, 8.53696480551566,
8.07352489678988, 14.0882749327751, 7.03656133136082, 3.67813386409352, 10.8098138203217,
14.3069944526758, 2.91667272828524, 15.4752459110273, 7.69127261688471, 6.78913899811755,
11.2062536837373, 7.24006900343508, 19.3270885317264, 15.3749924098698, 10.3750950142752,
5.56977796309063, 13.5628372309121, 10.8459902224761, 11.5546439299506, 8.05240428803037,
11.5772274430798, 3.78345246769524, 15.6544586541629, 21.2277711764542, 15.3385870502833,
14.8302557085563, 21.4335610506316, 20.5985491966746, 12.7902021972608, 2.02577217954211,
9.02409681744225, 7.87581118586529, 13.4616231376471, 7.04542307895747, 0.0651100227358683,
12.7381579775432, 3.65564412318965, 3.66462715788081, 16.0368813108041, 12.1616030373461,
4.32698516635508, -0.318775306431743, 19.0686500785011, -2.14612273810251, 3.37244623362523,
15.9351660965928, 1.45347365931841, 5.74575450360741, 22.0692048461792, 16.0775305002942,
16.2205007461661, 12.8926140177976, 11.2856565732246, 1.83059744862047, 9.19780267842877,
9.10215822129807, 6.41017675993996, 12.6980771503275, 13.1533911389018, 15.3691435472286,
19.2843281611943, 5.39684830715359, -7.84513760070639, 21.0739258494086, 6.90393919037969,
