N <- 348
N_main_factors <- 3
N_main_factor_levels <- 
c(5, 8, 4)
main_factor_level_idx <- 
structure(c(4, 5, 4, 1, 6, 3, 4, 8, 3, 1, 3, 4, 5, 1, 4, 3, 2, 4, 3, 4, 4, 4, 8, 3, 5, 6, 4, 5, 5, 4, 1,
6, 4, 1, 1, 3, 3, 1, 3, 2, 4, 3, 1, 7, 3, 5, 2, 3, 4, 5, 3, 1, 4, 3, 1, 7, 4, 2, 2, 3, 2, 2, 4, 4, 8, 4,
1, 8, 3, 3, 4, 4, 5, 2, 3, 5, 2, 4, 2, 3, 4, 1, 1, 2, 1, 5, 3, 4, 8, 3, 4, 2, 4, 1, 4, 4, 5, 7, 4, 4, 6,
3, 5, 5, 4, 1, 7, 3, 4, 6, 3, 3, 3, 3, 2, 5, 3, 2, 1, 3, 4, 6, 3, 5, 3, 4, 5, 3, 3, 4, 6, 3, 1, 5, 4, 4,
1, 4, 1, 5, 3, 5, 7, 2, 3, 6, 4, 5, 3, 4, 5, 7, 2, 3, 7, 3, 2, 3, 4, 3, 2, 4, 5, 4, 4, 1, 8, 4, 3, 1, 3,
3, 3, 3, 3, 8, 3, 5, 1, 4, 3, 8, 4, 2, 3, 4, 4, 7, 4, 5, 1, 3, 2, 8, 4, 1, 2, 3, 3, 1, 3, 3, 8, 4, 5, 6,
4, 5, 1, 3, 5, 7, 4, 3, 7, 4, 4, 8, 4, 1, 6, 4, 3, 1, 4, 2, 2, 3, 3, 2, 4, 2, 3, 4, 4, 2, 4, 1, 6, 4, 3,
6, 3, 4, 6, 3, 3, 3, 3, 5, 8, 4, 3, 2, 4, 4, 4, 4, 4, 6, 3, 2, 6, 3, 1, 6, 3, 3, 1, 3, 3, 5, 3, 3, 7, 3,
2, 3, 3, 3, 3, 3, 5, 1, 4, 4, 6, 3, 5, 2, 4, 5, 5, 4, 5, 5, 4, 5, 6, 4, 1, 2, 4, 3, 4, 2, 3, 8, 3, 2, 4,
2, 4, 1, 3, 3, 2, 4, 4, 2, 3, 1, 5, 4, 3, 2, 4, 5, 2, 4, 5, 5, 4, 3, 2, 4, 4, 3, 3, 3, 8, 4, 3, 7, 3, 2,
2, 4, 5, 7, 4, 1, 7, 4, 2, 7, 4, 1, 6, 3, 2, 6, 3, 3, 7, 3, 2, 8, 4, 4, 4, 4, 2, 7, 4, 2, 7, 4, 4, 2, 4,
2, 1, 4, 2, 3, 3, 4, 3, 3, 1, 6, 4, 2, 5, 3, 3, 5, 3, 3, 6, 3, 3, 8, 4, 4, 4, 4, 5, 1, 3, 5, 6, 4, 5, 8,
3, 2, 8, 3, 3, 6, 4, 3, 1, 3, 2, 1, 2, 5, 5, 3, 4, 5, 3, 4, 2, 4, 1, 2, 3, 5, 6, 4, 2, 3, 2, 2, 1, 4, 5,
7, 3, 4, 4, 3, 1, 8, 4, 2, 7, 3, 2, 5, 3, 2, 1, 2, 2, 3, 2, 5, 8, 4, 4, 8, 3, 3, 3, 4, 2, 8, 4, 2, 7, 4,
2, 5, 4, 1, 4, 4, 2, 4, 3, 5, 1, 4, 1, 3, 4, 2, 3, 3, 5, 2, 3, 2, 6, 4, 2, 6, 3, 2, 2, 3, 1, 4, 4, 5, 7,
4, 3, 5, 4, 2, 7, 2, 2, 6, 4, 2, 5, 3, 2, 7, 2, 1, 2, 3, 2, 4, 4, 1, 6, 3, 5, 6, 3, 3, 7, 4, 5, 4, 3, 4,
6, 4, 2, 3, 4, 1, 4, 4, 2, 4, 2, 5, 1, 4, 1, 1, 3, 3, 7, 4, 5, 5, 2, 3, 3, 3, 3, 3, 4, 5, 4, 3, 4, 3, 3,
2, 5, 4, 5, 8, 3, 1, 8, 4, 2, 8, 4, 4, 3, 4, 4, 1, 4, 2, 4, 3, 4, 2, 3, 4, 8, 3, 5, 4, 4, 1, 3, 3, 1, 4,
4, 2, 2, 2, 4, 7, 3, 2, 7, 4, 2, 7, 3, 5, 1, 2, 3, 6, 3, 5, 1, 2, 2, 8, 4, 2, 2, 3, 2, 7, 4, 5, 2, 3, 5,
2, 3, 1, 7, 4, 1, 2, 4, 5, 8, 3, 3, 3, 3, 1, 4, 3, 5, 7, 3, 4, 1, 4, 3, 2, 3, 4, 6, 4, 4, 8, 4, 1, 2, 3,
4, 1, 4, 1, 1, 4, 5, 7, 4, 5, 6, 4, 3, 8, 4, 3, 6, 3, 2, 6, 3, 3, 1, 4, 1, 7, 3, 3, 5, 4, 2, 6, 3, 4, 4,
3, 2, 8, 3, 1, 1, 2, 4, 3, 4, 4, 3, 3, 5, 2, 4, 2, 3, 3, 5, 5, 3, 3, 7, 4, 2, 2, 4, 1, 8, 3, 3, 4, 4, 1,
6, 3, 4, 2, 4, 3, 6, 3, 3, 5, 3, 4, 2, 4, 4, 2, 3, 1, 3, 4, 3, 8, 4, 3, 6, 4, 5, 3, 3, 2, 8, 2, 4, 6, 4,
5, 8, 3, 5, 6, 3, 5, 4, 3, 1, 1, 3, 5, 5, 4, 1, 3, 4, 1, 8, 3, 2, 6, 4, 4, 4, 3, 1, 5, 4, 5, 8, 4, 2, 2,
3, 3, 2, 4, 1, 6, 4, 1, 2, 3, 5, 8, 4, 2, 4, 3, 5, 1, 3, 4, 8, 4, 2, 1, 4, 1, 5, 3, 2, 5, 4, 1, 2, 4, 4,
6, 4, 2, 6, 4, 3, 6, 2, 2, 3, 2, 3, 7, 4, 5, 8, 4, 3, 4, 3, 5, 6, 4, 2, 5, 4, 4, 2, 3, 5, 2, 4, 2, 4, 3,
1, 3, 3, 4, 1, 4, 3, 6, 4, 3, 8, 2, 2, 8, 4, 5, 4, 4, 4, 5, 4, 2, 4, 4, 5, 6, 4, 1, 1, 3, 3, 8, 4, 3, 6,
4, 2, 5, 1, 1, 2, 4, 2, 5, 4, 2, 4, 4, 3, 8, 3, 5, 3, 3, 5, 3, 1, 4, 3, 4, 3, 7, 4, 3, 4, 3, 5, 7, 4, 4,
5, 4, 5, 6, 2, 5, 8, 4, 5, 1, 3, 4, 4, 4, 4, 2, 4, 3, 4, 4, 5, 4, 3, 1, 3, 3, 4, 3, 3, 3, 5, 4, 4, 5, 4,
5, 3, 3, 2, 4, 3, 3, 6, 4, 3, 3, 3, 3, 6, 2, 5, 8, 3, 3, 4, 4, 5, 4, 3, 2, 8, 2, 5, 1, 3, 2, 6, 4),
.Dim = c(3, 348))
