sigma <- 5
N <- 810
K <- 81
obs_to_context <- 
c(33, 3, 81, 77, 67, 73, 28, 75, 81, 76, 19, 42, 79, 7, 11, 11, 49, 26, 39, 47, 4, 41, 68,
32, 67, 57, 19, 74, 68, 11, 77, 54, 6, 73, 49, 37, 65, 1, 51, 26, 37, 18, 36, 34, 5, 81, 2, 52, 3, 23, 60, 77,
72, 73, 24, 52, 6, 32, 2, 17, 33, 43, 40, 71, 79, 5, 35, 8, 54, 5, 54, 24, 36, 15, 72, 47, 35, 65, 71, 72, 79,
60, 27, 74, 58, 10, 31, 71, 45, 35, 35, 40, 81, 79, 59, 80, 5, 26, 39, 20, 34, 67, 69, 54, 11, 24, 9, 1, 28,
53, 5, 16, 49, 30, 67, 30, 22, 11, 65, 61, 69, 45, 58, 72, 53, 2, 69, 11, 17, 53, 32, 5, 70, 80, 18, 10, 59,
17, 62, 8, 9, 10, 49, 65, 57, 17, 18, 69, 32, 35, 49, 2, 54, 49, 1, 6, 42, 74, 65, 70, 45, 28, 18, 40, 40, 13,
67, 73, 16, 20, 25, 70, 42, 8, 5, 47, 17, 51, 7, 28, 1, 23, 6, 9, 16, 21, 5, 46, 31, 80, 14, 45, 79, 9, 4, 68,
40, 56, 53, 29, 56, 5, 11, 11, 81, 53, 35, 9, 75, 8, 46, 9, 56, 45, 14, 25, 15, 40, 62, 51, 7, 81, 11, 46, 15,
70, 80, 27, 7, 20, 27, 73, 6, 22, 71, 50, 68, 13, 14, 81, 34, 42, 60, 24, 53, 19, 81, 14, 5, 71, 8, 72, 7, 22,
41, 60, 31, 14, 14, 69, 71, 18, 74, 66, 76, 14, 21, 2, 64, 43, 6, 63, 69, 27, 49, 36, 15, 66, 15, 68, 50, 74,
7, 3, 41, 48, 56, 69, 2, 43, 6, 34, 81, 22, 43, 16, 69, 54, 66, 14, 68, 70, 59, 70, 79, 37, 21, 39, 61, 30, 35,
77, 41, 15, 33, 16, 65, 30, 32, 49, 28, 63, 65, 35, 72, 32, 37, 69, 23, 55, 45, 68, 54, 73, 68, 50, 7, 81, 59,
58, 54, 20, 11, 59, 68, 73, 4, 71, 2, 11, 50, 25, 9, 44, 64, 68, 79, 39, 19, 17, 23, 35, 11, 10, 5, 57, 50, 75,
64, 77, 60, 14, 72, 29, 76, 34, 4, 76, 40, 19, 43, 81, 28, 26, 71, 31, 76, 34, 23, 45, 80, 33, 12, 42, 47, 55,
65, 45, 33, 78, 46, 76, 42, 30, 11, 14, 78, 35, 46, 69, 46, 48, 37, 3, 45, 8, 60, 34, 56, 44, 39, 72, 30, 47,
41, 57, 33, 15, 48, 10, 49, 18, 2, 38, 44, 28, 36, 24, 50, 16, 13, 64, 39, 25, 64, 39, 64, 43, 14, 77, 74, 36,
29, 55, 76, 5, 69, 42, 71, 51, 35, 2, 45, 20, 51, 77, 19, 65, 9, 57, 16, 51, 63, 53, 25, 53, 21, 74, 48, 52,
44, 40, 58, 20, 53, 65, 65, 73, 9, 63, 6, 9, 61, 3, 69, 22, 2, 77, 17, 51, 20, 66, 68, 67, 33, 27, 78, 69, 57,
49, 25, 11, 45, 21, 21, 23, 48, 44, 38, 12, 4, 64, 2, 69, 64, 36, 48, 51, 63, 33, 19, 47, 1, 11, 19, 41, 73,
67, 23, 70, 25, 68, 52, 25, 78, 7, 32, 80, 23, 31, 43, 8, 14, 34, 27, 1, 57, 75, 29, 49, 64, 25, 57, 33, 53,
68, 48, 23, 33, 70, 8, 72, 11, 59, 4, 8, 65, 24, 76, 41, 15, 41, 27, 36, 45, 30, 55, 21, 38, 67, 47, 73, 45,
66, 15, 35, 64, 23, 14, 36, 40, 33, 29, 28, 72, 55, 16, 4, 20, 27, 78, 64, 2, 59, 68, 47, 55, 2, 73, 8, 44, 39,
24, 11, 27, 19, 34, 4, 77, 39, 60, 49, 38, 50, 12, 21, 20, 7, 1, 52, 16, 48, 38, 53, 43, 21, 16, 71, 81, 11,
11, 64, 14, 22, 22, 60, 65, 13, 58, 26, 38, 15, 1, 6, 77, 43, 5, 76, 62, 26, 20, 23, 47, 64, 54, 22, 33, 76,
67, 73, 13, 2, 56, 17, 49, 37, 59, 58, 47, 42, 57, 63, 53, 20, 47, 60, 71, 36, 68, 35, 64, 38, 74, 77, 43, 68,
1, 44, 70, 48, 37, 12, 17, 17, 67, 46, 66, 63, 57, 35, 41, 17, 54, 61, 29, 52, 40, 79, 26, 75, 31, 36, 65, 81,
5, 60, 65, 34, 77, 72, 59, 40, 60, 61, 35, 61, 10, 66, 57, 3, 54, 43, 52, 75, 36, 73, 3, 32, 73, 38, 20, 33,
34, 28, 77, 67, 37, 58, 73, 47, 3, 38, 40, 65, 78, 7, 60, 5, 76, 1, 41, 25, 77, 23, 45, 44, 19, 21, 29, 40, 42,
43, 55, 9, 70, 32, 44, 12, 34, 48, 6, 43, 38, 13, 38, 1, 79, 28, 11, 52)
N_factor_levels <- 9
context_to_level <- 
c(5, 7, 5, 7, 2, 9, 3, 4, 8, 5, 7, 6, 6, 4, 9, 9, 7, 1, 9, 6, 5, 1, 7, 1, 1, 4, 2, 3, 3,
5, 4, 6, 3, 6, 8, 5, 4, 4, 6, 8, 4, 2, 7, 1, 3, 8, 5, 5, 4, 1, 5, 7, 5, 5, 9, 8, 9, 1, 4, 8, 3, 8, 8, 9, 9, 2,
9, 7, 5, 5, 6, 7, 8, 7, 2, 2, 7, 4, 6, 2, 7)
y <- 
c(17.7003736190129, 6.17392067044248, 9.58088683604721, -1.65181725529324, 6.20614632951952,
1.04877571376378, -6.27607825552311, 12.5302539660459, -2.97706833740822, 7.01995042037889, 2.13432457740796,
14.1051288503228, 6.2609945567064, 16.6673313516249, 1.06829670477938, 14.6938485763966, 5.37782399475763,
8.6786377782606, 3.89711201091742, 6.39653452314142, 4.27397488958725, 9.53057536485872, 7.18091489097137,
6.17160187914054, 9.82906896368176, 6.27235339906162, 6.90535693944477, 5.18603579750972, 5.54018534097807,
6.13835404612932, 7.24221959254845, 7.56851330752448, 3.73322334649929, 8.57566438659653, 5.94262904964121,
10.7453617904138, 6.56732572095817, 11.6589923513793, 2.75706386755364, 5.63286524285557, 12.4599879542745,
7.1855866819132, 8.5309214370635, 2.06469831531216, 12.0092936627556, 11.5493187226004, 0.482084255690582,
-1.87590763144814, -0.487771500976607, -2.96026273679142, 8.03636552702858, 4.72879292484264, 7.48496615453315,
16.6590389687973, -0.132820141549113, 7.42415734196855, -2.71282280618422, 5.61048060489882, 10.1258052654951,
10.461167331866, 5.80353505168796, 8.612256555679, 1.90668680470768, 5.37248091912264, 3.55307883492511,
8.20129776323855, 8.62699886614725, 2.73677490730889, 2.73313410172265, 3.31285866778179, 2.82074387428234,
4.00520303991708, 16.8219592738658, 9.77676405163787, 0.286240530913748, 4.54410327089844, 4.12651694664804,
5.11285403484683, 14.0947816953784, 7.75712505400231, 4.21882263105123, 3.21691088259053, 0.695408292024189,
-1.6266915073286, 11.2953314480109, 13.6753091005374, 13.6861732435142, 18.7992218260195, 0.107140964201343,
21.7765631554234, 10.7116014660397, 4.89403325177568, 6.91697664185016, 3.2173654591495, 2.05372961979747,
1.72043155212846, 10.2180618610362, 0.210182077404886, 7.56168844736322, 2.52381599902311, 4.9991549067803,
4.90631259189733, 6.36718644910323, 7.98620115563788, 12.3841607509285, -5.14403268602934, 15.0679640507765,
7.19185719590407, -9.96748515817771, 11.4891731845491, 12.2683663961226, 9.87316962688646, 2.02313053646849,
1.61608789360744, 1.78140469603282, -0.390560378407542, 0.767366082678623, 12.5960909390644, -1.42194935525797,
-2.04023381685042, 0.0984201147149442, 4.12185469294505, 7.45179711543158, 1.61185821164309, 1.81347220414918,
4.23028042473411, 9.2539866288985, 0.687432935652821, 11.307987793735, 17.1624637043556, 5.49777091891085,
8.93456966954884, 13.9484300100213, -0.470280510620995, 4.3033749872539, 0.533424372095487, 7.057024139634,
12.6839425368535, 8.81552964030868, 16.0441052239469, -0.812880722496059, 7.09559941781427, 3.31065910885541,
-0.375024803290719, 1.95405146925621, 0.400448704888527, -9.44893860353605, 15.2565984031089, 8.04779397140307,
9.49159018455382, 8.25488477516635, 5.43991262960761, -3.87680415332552, 2.15895190645241, -0.96980501287532,
-0.756470073665617, 11.0597781717336, 0.60931092772415, 4.499339104206, 9.23211073475535, 0.0983020283140865,
2.90979932637052, 2.68179287851142, 4.94668361325463, 11.0564321251938, 11.253891809408, 6.71491601922986,
6.73676598379552, 6.18862868611015, 6.96147458368278, 3.81620353175288, 5.63718882734457, 5.81097637197357,
11.2136602426452, 12.6812686659056, -6.27728001891399, 4.12311107993904, -1.30229541011649, 6.54226205235561,
-10.2638188119496, 9.60585379834509, 8.40222753572662, -8.79977822410028, 13.6902241766016, 5.48650948924191,
7.51287905631266, 16.8712476751701, 8.22797375560769, 0.560086808634638, 2.66448348704182, 9.970325939429,
7.62499182789251, 5.07498161121158, 15.1317536764517, 6.95767372168361, 8.64027856474934, 15.114443050714,
2.6015633017932, 1.28476809117856, 5.75492651208192, 9.60465910744756, 8.91901653997986, 1.93846113062979,
0.884317679456614, 9.06559531275692, 12.2269081278668, -4.63730008642042, 9.39879062393318, 4.71602847871133,
8.18865080759692, 18.3533395529584, 13.8381853417955, 13.6129740619531, 4.90442239767633, 5.174564936597,
5.81410522919679, 9.94951493839392, 1.19970713461342, 7.89369680414871, 0.786110340537087, 7.14904520913932,
27.1810866278073, 1.77762392471377, 4.51936095085934, 0.833412481233461, 9.71230321549267, 8.06219897461235,
-2.81201651566144, 0.513892946873487, 1.29605789345541, 2.89148633408731, 13.742565640441, -7.7669044196954,
0.771084792743187, 7.87694248207028, 5.37296689939451, -4.12892956752551, 15.2290712182621, -12.7292404227937,
10.0733086789871, 10.3356854660338, 10.0125025940914, 15.2947584250465, 5.50553076094412, 12.1306063434777,
