sigma <- 5
N <- 4050
K <- 81
obs_to_context <- 
c(57, 65, 56, 11, 13, 56, 29, 51, 10, 57, 33, 3, 81, 77, 67, 73, 28, 75, 81, 76, 19, 42, 79,
7, 11, 11, 49, 26, 39, 47, 4, 41, 68, 32, 67, 57, 19, 74, 68, 11, 77, 54, 6, 73, 49, 37, 65, 1, 51, 26, 37, 18,
36, 34, 5, 81, 2, 52, 3, 23, 60, 77, 72, 73, 24, 52, 6, 32, 2, 17, 33, 43, 40, 71, 79, 5, 35, 8, 54, 5, 54, 24,
36, 15, 72, 47, 35, 65, 71, 72, 79, 60, 27, 74, 58, 10, 31, 71, 45, 35, 35, 40, 81, 79, 59, 80, 5, 26, 39, 20,
34, 67, 69, 54, 11, 24, 9, 1, 28, 53, 5, 16, 49, 30, 67, 30, 22, 11, 65, 61, 69, 45, 58, 72, 53, 2, 69, 11, 17,
53, 32, 5, 70, 80, 18, 10, 59, 17, 62, 8, 9, 10, 49, 65, 57, 17, 18, 69, 32, 35, 49, 2, 54, 49, 1, 6, 42, 74,
65, 70, 45, 28, 18, 40, 40, 13, 67, 73, 16, 20, 25, 70, 42, 8, 5, 47, 17, 51, 7, 28, 1, 23, 6, 9, 16, 21, 5,
46, 31, 80, 14, 45, 79, 9, 4, 68, 40, 56, 53, 29, 56, 5, 11, 11, 81, 53, 35, 9, 75, 8, 46, 9, 56, 45, 14, 25,
15, 40, 62, 51, 7, 81, 11, 46, 15, 70, 80, 27, 7, 20, 27, 73, 6, 22, 71, 50, 68, 13, 14, 81, 34, 42, 60, 24,
53, 19, 81, 14, 5, 71, 8, 72, 7, 22, 41, 60, 31, 14, 14, 69, 71, 18, 74, 66, 76, 14, 21, 2, 64, 43, 6, 63, 69,
27, 49, 36, 15, 66, 15, 68, 50, 74, 7, 3, 41, 48, 56, 69, 2, 43, 6, 34, 81, 22, 43, 16, 69, 54, 66, 14, 68, 70,
59, 70, 79, 37, 21, 39, 61, 30, 35, 77, 41, 15, 33, 16, 65, 30, 32, 49, 28, 63, 65, 35, 72, 32, 37, 69, 23, 55,
45, 68, 54, 73, 68, 50, 7, 81, 59, 58, 54, 20, 11, 59, 68, 73, 4, 71, 2, 11, 50, 25, 9, 44, 64, 68, 79, 39, 19,
17, 23, 35, 11, 10, 5, 57, 50, 75, 64, 77, 60, 14, 72, 29, 76, 34, 4, 76, 40, 19, 43, 81, 28, 26, 71, 31, 76,
34, 23, 45, 80, 33, 12, 42, 47, 55, 65, 45, 33, 78, 46, 76, 42, 30, 11, 14, 78, 35, 46, 69, 46, 48, 37, 3, 45,
8, 60, 34, 56, 44, 39, 72, 30, 47, 41, 57, 33, 15, 48, 10, 49, 18, 2, 38, 44, 28, 36, 24, 50, 16, 13, 64, 39,
25, 64, 39, 64, 43, 14, 77, 74, 36, 29, 55, 76, 5, 69, 42, 71, 51, 35, 2, 45, 20, 51, 77, 19, 65, 9, 57, 16,
51, 63, 53, 25, 53, 21, 74, 48, 52, 44, 40, 58, 20, 53, 65, 65, 73, 9, 63, 6, 9, 61, 3, 69, 22, 2, 77, 17, 51,
20, 66, 68, 67, 33, 27, 78, 69, 57, 49, 25, 11, 45, 21, 21, 23, 48, 44, 38, 12, 4, 64, 2, 69, 64, 36, 48, 51,
63, 33, 19, 47, 1, 11, 19, 41, 73, 67, 23, 70, 25, 68, 52, 25, 78, 7, 32, 80, 23, 31, 43, 8, 14, 34, 27, 1, 57,
75, 29, 49, 64, 25, 57, 33, 53, 68, 48, 23, 33, 70, 8, 72, 11, 59, 4, 8, 65, 24, 76, 41, 15, 41, 27, 36, 45,
30, 55, 21, 38, 67, 47, 73, 45, 66, 15, 35, 64, 23, 14, 36, 40, 33, 29, 28, 72, 55, 16, 4, 20, 27, 78, 64, 2,
59, 68, 47, 55, 2, 73, 8, 44, 39, 24, 11, 27, 19, 34, 4, 77, 39, 60, 49, 38, 50, 12, 21, 20, 7, 1, 52, 16, 48,
38, 53, 43, 21, 16, 71, 81, 11, 11, 64, 14, 22, 22, 60, 65, 13, 58, 26, 38, 15, 1, 6, 77, 43, 5, 76, 62, 26,
20, 23, 47, 64, 54, 22, 33, 76, 67, 73, 13, 2, 56, 17, 49, 37, 59, 58, 47, 42, 57, 63, 53, 20, 47, 60, 71, 36,
68, 35, 64, 38, 74, 77, 43, 68, 1, 44, 70, 48, 37, 12, 17, 17, 67, 46, 66, 63, 57, 35, 41, 17, 54, 61, 29, 52,
40, 79, 26, 75, 31, 36, 65, 81, 5, 60, 65, 34, 77, 72, 59, 40, 60, 61, 35, 61, 10, 66, 57, 3, 54, 43, 52, 75,
36, 73, 3, 32, 73, 38, 20, 33, 34, 28, 77, 67, 37, 58, 73, 47, 3, 38, 40, 65, 78, 7, 60, 5, 76, 1, 41, 25, 77,
23, 45, 44, 19, 21, 29, 40, 42, 43, 55, 9, 70, 32, 44, 12, 34, 48, 6, 43, 38, 13, 38, 1, 79, 28, 11, 52, 22,
71, 24, 38, 77, 44, 27, 7, 71, 50, 63, 60, 15, 43, 15, 34, 6, 15, 15, 22, 61, 44, 18, 30, 38, 49, 39, 78, 23,
55, 46, 72, 23, 5, 5, 15, 62, 45, 45, 2, 55, 36, 12, 31, 10, 38, 26, 65, 57, 58, 36, 3, 69, 11, 47, 42, 73, 74,
73, 54, 57, 46, 10, 43, 42, 9, 57, 56, 45, 70, 47, 62, 61, 26, 20, 21, 37, 63, 43, 62, 61, 77, 39, 17, 22, 31,
73, 45, 43, 47, 32, 80, 23, 43, 11, 30, 70, 16, 2, 41, 24, 13, 38, 47, 9, 44, 76, 22, 80, 7, 41, 32, 69, 46,
12, 41, 74, 60, 11, 33, 48, 72, 74, 63, 30, 23, 69, 32, 9, 52, 27, 36, 35, 30, 79, 77, 35, 45, 62, 31, 63, 2,
31, 33, 25, 51, 59, 13, 18, 59, 44, 21, 48, 22, 39, 3, 59, 65, 48, 13, 62, 77, 61, 7, 24, 5, 62, 19, 76, 45,
43, 15, 68, 57, 66, 2, 2, 77, 35, 33, 68, 76, 8, 55, 14, 32, 53, 27, 77, 1, 70, 67, 40, 65, 45, 81, 40, 25, 9,
10, 79, 21, 6, 71, 45, 62, 64, 42, 77, 47, 46, 55, 58, 37, 25, 71, 41, 22, 6, 17, 73, 66, 65, 56, 17, 32, 31,
2, 56, 81, 9, 22, 56, 75, 78, 53, 11, 38, 4, 54, 14, 55, 77, 57, 5, 4, 45, 74, 49, 65, 3, 47, 9, 70, 48, 51,
71, 18, 9, 47, 58, 30, 81, 20, 67, 17, 72, 26, 11, 2, 60, 38, 78, 35, 44, 53, 47, 25, 3, 12, 60, 17, 23, 74,
22, 15, 41, 15, 20, 55, 16, 15, 71, 32, 44, 1, 20, 16, 70, 77, 18, 78, 66, 3, 39, 39, 20, 55, 65, 52, 71, 57,
62, 56, 55, 46, 72, 41, 15, 32, 67, 41, 50, 44, 44, 9, 17, 12, 39, 79, 8, 69, 70, 54, 74, 26, 12, 60, 67, 73,
33, 13, 70, 81, 79, 76, 7, 42, 1, 65, 26, 71, 59, 66, 73, 15, 53, 64, 78, 26, 49, 22, 33, 80, 79, 7, 56, 11,
35, 40, 23, 78, 2, 45, 77, 17, 22, 39, 13, 3, 33, 10, 43, 21, 3, 61, 16, 56, 49, 64, 79, 22, 10, 10, 7, 71, 25,
72, 2, 54, 46, 8, 58, 75, 14, 18, 57, 33, 38, 24, 80, 35, 80, 25, 70, 22, 46, 54, 81, 80, 47, 26, 17, 31, 29,
78, 2, 5, 54, 75, 9, 37, 44, 49, 35, 33, 3, 46, 38, 25, 51, 77, 42, 66, 23, 12, 65, 38, 13, 30, 27, 75, 65, 27,
60, 42, 53, 35, 48, 22, 9, 76, 25, 35, 11, 73, 55, 51, 59, 71, 44, 62, 24, 55, 20, 62, 17, 65, 7, 54, 56, 61,
23, 61, 18, 55, 42, 68, 34, 39, 15, 19, 56, 22, 40, 58, 63, 36, 33, 22, 49, 9, 11, 56, 70, 62, 3, 38, 10, 72,
40, 26, 61, 7, 49, 14, 35, 24, 7, 13, 42, 28, 13, 40, 22, 59, 53, 34, 55, 24, 67, 34, 66, 38, 30, 47, 26, 10,
63, 6, 11, 27, 42, 7, 56, 58, 68, 45, 33, 44, 73, 68, 72, 53, 28, 71, 65, 13, 63, 80, 58, 28, 49, 16, 14, 30,
73, 10, 6, 67, 62, 20, 81, 43, 52, 15, 42, 55, 45, 31, 64, 56, 55, 40, 29, 28, 50, 44, 75, 67, 30, 13, 3, 81,
24, 53, 3, 77, 17, 10, 25, 81, 22, 65, 39, 11, 71, 28, 29, 80, 16, 14, 52, 78, 15, 59, 24, 58, 30, 16, 31, 16,
52, 49, 9, 81, 46, 23, 7, 58, 30, 57, 6, 2, 34, 37, 22, 13, 62, 47, 36, 18, 44, 38, 20, 61, 43, 28, 16, 3, 11,
31, 37, 44, 69, 2, 9, 72, 2, 4, 60, 2, 50, 61, 78, 69, 14, 55, 70, 69, 19, 2, 35, 16, 60, 26, 81, 28, 14, 27,
32, 3, 47, 13, 24, 75, 9, 71, 49, 36, 81, 33, 40, 19, 61, 17, 5, 10, 61, 62, 69, 58, 24, 29, 11, 16, 57, 9, 50,
20, 42, 34, 71, 43, 79, 39, 74, 43, 9, 2, 3, 54, 31, 19, 74, 4, 24, 46, 8, 24, 49, 35, 22, 46, 56, 35, 78, 41,
17, 72, 24, 64, 67, 65, 46, 13, 70, 52, 64, 12, 3, 27, 59, 6, 24, 14, 46, 31, 31, 26, 66, 76, 49, 33, 9, 46, 8,
4, 28, 52, 61, 7, 76, 70, 46, 20, 77, 17, 58, 49, 29, 36, 48, 22, 62, 46, 66, 31, 52, 52, 32, 10, 29, 78, 20,
3, 78, 42, 41, 71, 76, 77, 48, 75, 20, 70, 60, 13, 57, 61, 16, 37, 34, 76, 42, 29, 73, 50, 54, 24, 39, 4, 24,
70, 15, 56, 39, 21, 7, 56, 3, 72, 71, 59, 2, 40, 20, 54, 37, 48, 6, 49, 19, 57, 5, 2, 14, 70, 39, 71, 4, 77,
19, 13, 62, 17, 10, 3, 79, 80, 45, 3, 15, 58, 34, 42, 24, 65, 6, 42, 4, 32, 4, 11, 53, 69, 4, 73, 78, 32, 13,
3, 1, 57, 30, 71, 25, 51, 9, 71, 46, 72, 11, 17, 27, 14, 9, 53, 44, 64, 29, 77, 58, 65, 32, 36, 64, 28, 16, 77,
45, 17, 23, 58, 61, 32, 35, 27, 25, 27, 63, 38, 65, 64, 81, 41, 28, 16, 24, 51, 16, 24, 61, 39, 8, 15, 57, 20,
14, 32, 79, 3, 33, 49, 16, 80, 11, 30, 61, 71, 67, 64, 77, 54, 48, 67, 7, 3, 32, 38, 80, 32, 65, 33, 8, 65, 63,
62, 65, 50, 72, 67, 55, 80, 65, 69, 6, 81, 9, 52, 62, 13, 69, 58, 32, 77, 52, 22, 44, 51, 11, 52, 60, 25, 50,
32, 24, 81, 67, 57, 64, 23, 52, 24, 28, 31, 37, 80, 52, 22, 52, 75, 28, 28, 38, 48, 15, 57, 74, 43, 47, 71, 16,
59, 59, 8, 76, 63, 10, 46, 59, 38, 58, 19, 70, 68, 56, 25, 47, 38, 67, 77, 49, 58, 72, 37, 39, 18, 42, 32, 8,
33, 45, 16, 47, 57, 78, 27, 36, 40, 21, 56, 50, 52, 68, 74, 47, 79, 5, 76, 31, 67, 4, 37, 75, 68, 16, 60, 62,
79, 39, 52, 36, 15, 14, 64, 9, 45, 6, 12, 71, 7, 24, 22, 28, 28, 57, 25, 3, 33, 2, 56, 33, 57, 25, 37, 72, 40,
56, 45, 11, 15, 7, 35, 71, 64, 20, 20, 35, 10, 17, 27, 28, 57, 77, 16, 68, 46, 33, 32, 30, 64, 4, 55, 22, 3,
36, 43, 11, 48, 66, 32, 19, 65, 51, 56, 11, 21, 50, 71, 77, 16, 76, 79, 43, 65, 31, 68, 44, 55, 26, 2, 15, 22,
18, 23, 2, 80, 40, 57, 20, 17, 56, 45, 39, 15, 17, 51, 24, 27, 29, 64, 51, 46, 18, 77, 6, 7, 51, 6, 55, 18, 24,
58, 13, 75, 19, 27, 50, 33, 57, 78, 58, 79, 5, 78, 40, 71, 68, 54, 71, 74, 71, 64, 81, 7, 43, 45, 62, 77, 77,
