N_calibrations <- 500
obs_t_calib <- 
c(-0.0146131904903356, 0.042503682337068, 0.0118807793460832, -0.0280537636259186,
0.0156610534697646, -0.0108834690170203, -0.0276613906388436, -0.00788529205150868, -0.00793212857927329,
0.0272652211163319, 0.00306973234668466, -0.0132968186945463, 0.0348717002734798, 0.0279552862385021,
0.011164391013483, -0.0179978064643275, -0.00417918576190058, 0.0299785501212297, 0.0359261890106365,
0.000428246212054431, -0.0236036746978046, 0.0177443967500896, -0.0220728611236793, 0.0444889572477121,
0.0272424429142705, 0.0346687414506591, -0.0279304958837273, -0.0434181393338573, 0.00866780652918437,
0.0164629658936512, -0.024954888574262, -0.00893511213099942, 0.0315093010581219, -0.016284643839957,
-0.0404949246914034, 0.0124407315725778, -0.0131872423564036, 0.00615831270423596, 0.00272410627351203,
0.0203400244365026, -0.0147030705146245, 0.032015994157727, 0.00831724753997911, -0.0273601086239513,
0.0559303559811205, 0.00576669282986267, -0.00393035588234048, -0.0219113224665825, -0.0145604404582734,
0.0102391995245657, -0.0247374138470947, -0.0115876672830604, -0.022932289477218, -0.0117732129094209,
-0.00557661671939187, -0.0223128290069072, 0.0137008142769187, -0.0341131980151394, -0.0175272057565271,
0.0383453687945347, -0.0239010205924876, 0.0161226595862865, -0.0175948283189348, -0.00781550796379062,
-0.00121599158884423, -0.0144847200007819, 0.0146803879019256, 0.00800400952056959, 0.0281407752319614,
0.0322588367231238, 0.00114796473907743, 0.00524881065809092, 0.0150264174888601, -0.0315078653272262,
0.0307294492915094, -0.0149346811272353, -0.0288824329965981, 0.0262985137150083, 0.000829088901344962,
0.00905946869194213, 0.00486309691404077, -0.00354005228892883, -0.00298958052864103, 0.0229677602633621,
0.0168703455198121, 0.0196300142373293, 0.00885557084743156, 0.0143645046597461, 0.0126880907942851,
-0.00349318926039311, 0.0278492390578365, -0.00488312309598556, 0.0114983416632491, -0.00949969913485894,
-0.00718318702443644, 0.000843689446003032, -0.0057796322609849, -0.00921537993335318, -0.00250720053381614,
0.00883906756586333, 0.0323900807785343, 0.0413453257164661, 0.026501976512057, -0.0145515994510881,
0.00207072610530421, 0.00973017747487348, 0.0150649929823889, -0.0193778122959823, -0.00369809535007136,
-0.00955938983475568, 0.00676723541105474, 0.023912828777153, -0.024466963168031, 0.00935230793680493,
0.000832357548830972, 0.010024890952879, -0.030564478590816, -0.0138933858699299, 0.0180524880566533,
0.00103440376637648, -0.0233484975973922, 0.00840646527482347, 0.0163274111732159, -0.00859206266468882,
-0.0236651447193739, -0.0298020354875556, -0.000420260566673162, -0.0242089013012219, -0.0185020222632175,
-0.000730788098199546, -0.00989277660417033, -0.00294583223896505, -0.00944596750081657, 0.0040091828101369,
-0.011376117806108, -0.016977292251155, 0.022638326077335, 0.0126356967247222, 0.0246712624006273,
-0.00275413349242329, -0.0157458077015589, 0.00232188845399537, -0.00365352543477808, 0.00996660817892553,
-0.00685502219210454, -0.0131656708624802, 0.0430243111040692, -0.00803474923407367, -0.036098860405755,
-0.0233563048281884, -0.00239990637403709, 0.0293300728785774, 0.00985252358788582, 0.0141584244481951,
0.00352960657080658, 0.00398910006195641, 0.0216703708271088, -0.000392716716811908, 0.0106823015377504,
-0.00824094206426662, -0.00908648418986521, 0.026603907120246, 0.00533837822139217, 0.0332018358437086,
0.0361487514261574, -0.000565479123551535, -0.012771893767167, 0.001358650001152, -0.00424529638748619,
-0.0182194737514208, 0.00327287701985069, 0.00597427787013377, 0.00869321411050135, 0.00847951178382703,
-0.0075489618988159, 0.0168410134514774, -0.0311662532668485, -0.0154848310962618, -0.0152022320398118,
0.0211770831414778, 0.0225554505007171, -0.0531420222340809, 0.00574210519764182, -0.00633963417055494,
0.0311663335913464, 0.00338020906077144, -0.0205675255258049, -0.0299318095404507, 0.00815958394198449,
-0.0144285238496966, -0.0368742273987811, 0.0174970560544671, 0.0387308918319168, -0.0340489235802093,
-0.0155045262764583, 0.0286050804647464, -0.0420681254071147, -0.0130529690250606, 0.00863916300396138,
-0.00221483546073362, -0.0102700421040512, -0.00208569755814878, -0.0217984773426745, 0.0211389378946963,
-0.000535000066111459, -0.0106045509671946, -0.0467235610821893, -0.00132063348573162, -0.0017052478138982,
0.0224524214407773, -0.0121451636946425, -0.0130515879974325, -0.0249095968224666, 0.0164954120043641,
-0.010120416576623, 0.000189463858600736, 0.00127521920104096, 0.0162259988729963, -0.0117613466862579,
0.00321787384002652, 0.0166746728021236, 0.000533740766619024, -0.0165275184864272, 0.0143877506256628,
0.0317855727798618, 0.0288918020749497, -0.0196787572637046, 0.00763170184706703, -0.0314439310896341,
-0.0119073341710449, 0.000500234189605355, -0.00461983408835375, 0.00437444791319591, -0.00111396786069345,
0.0350427441051094, -0.0248391627740592, 0.0115920618002356, -0.00582407048260883, -0.00767193639847456,
0.0142719223587192, 0.0100376303337346, 0.0197099126248887, -0.0174305078369222, 0.0396261804451431,
0.00390505961411457, 0.00992414270470742, 0.0178305059339804, -0.00661568988514359, -0.0180534375668409,
0.0324941191910934, 0.00268011928179272, 0.000569493704002618, -0.0239232582080878, 0.0336913057985201,
-0.0109267986822159, 0.0184931295131193, -0.0160336786934182, -0.0229362374949719, 0.0206553521994248,
0.0106848132506235, 0.0183511001321484, 0.0220005797367378, 0.0193778226213132, 0.0130971849771676,
0.0200587106114347, -0.0119739576407688, -0.00581299262561975, -0.0380845680615748, 0.00267169788911705,
0.0027676449909722, -0.00635357696783244, -0.00325888110295295, 0.0457556732254177, 0.00843504385614525,
0.0122200728755095, -0.0286787948383731, 0.000575174980527632, 0.0129454703541881, 0.0425736498110618,
-0.0236054240503699, -0.0195393711666237, 0.0166791499605531, 0.00296413309776476, -0.00184919832976766,
-0.00231217105037358, -0.00389585958214073, -0.0206864447980957, 0.00714732432004241, 0.0208768731708157,
-0.0147864708338492, -0.00603509543970027, 0.00931939402040602, 0.010346193327893, 0.0339274242420232,
-0.0185217913271592, -0.00500975283556512, -0.00633555199486647, 0.0268783768478741, -0.0124901748862818,
0.0108410956786156, -0.012588550268532, 0.026655260117621, -0.00347407908274503, -0.00571200952552755,
-0.00956035813004979, 0.00354806597256775, 0.0160257654950721, 0.000334513299322898, 0.0129539566269028,
-0.0167068859373855, -0.0101833961689516, -0.000359397697844272, 0.00823822884654152, 0.015151051168729,
-0.00553384865188702, -0.0453699065379855, 0.00185647452440084, -0.0164398157665506, -0.019488425656715,
0.00304580591956522, -0.0352325934466827, 0.0183919655062271, -0.0132362253568841, -0.0510257292205909,
0.0324004259031129, 0.000114870288811736, -0.00654611176290576, 0.0105844449092822, -0.0114688339195432,
-0.0150263700745606, 0.0083635570944494, -0.00427211284634434, 0.0243699403219254, 0.0205648562666003,
-0.0105056811437445, 0.01215166974382, 0.00739562041525863, -0.000291300549498147, 0.00574324470242426,
-0.0104952930057999, -0.00823038600640958, -0.0285151244690142, 0.0186969355848568, -0.00168990418721893,
-0.0330207364836024, -0.0402890873013039, 0.00579335777273057, 0.0303675877567412, 0.0104607757214537,
-0.0196451625712619, -0.00879142751500914, -0.0135401882664751, -0.0171553930249615, 0.00536374103199691,
-0.0269580608471311, -0.0304914624773845, 0.000808229716419511, 0.0101902859731234, 0.0383341838503332,
-0.0125711643513918, 0.0079237202092778, 0.00806210139913554, 0.0254203405999752, 0.00506317939062282,
-0.0141986064762982, -0.0300397013973394, 0.0334013479170024, -0.0203469826458922, 0.0162155625489244,
-0.00425806511123694, 0.00588281924697038, 0.0137581391377373, -0.00700296229166474, 0.00900909269822056,
-0.00706719290030816, -0.0145645802519134, 0.0067600784857974, 0.023097419134177, -0.00676557681727581,
