N_heights <- 6
heights <- 
c(1, 2, 3, 4, 5, 6)
N_drops <- 200
obs_t_fall <- 
structure(c(0.458579890594506, 0.424208721568467, 0.463158694515589, 0.477224231113387, 0.490898466123445,
0.471439748316504, 0.44613881620549, 0.453917981015468, 0.453962916624264, 0.431094885604844, 0.459981385399848,
0.52462563972586, 0.516481911743845, 0.451017156670939, 0.454288737234242, 0.492349558408251, 0.403062119301748,
0.43109277256541, 0.426517324723958, 0.45075730466701, 0.415757273982639, 0.395678076632807, 0.46487382277025,
0.530028548336694, 0.422883525135655, 0.465603774618001, 0.460333486921156, 0.379634284529702, 0.344060404147381,
0.508361037114048, 0.408842470544064, 0.483294910301392, 0.568941076941072, 0.444546489887411, 0.44693282776551,
0.495636994372482, 0.428599561501851, 0.498209609540856, 0.39913519759892, 0.486033512965224, 0.421402193979982,
0.491262928347147, 0.402030250537623, 0.52136648377835, 0.469322177542236, 0.352569702710215, 0.368285656697924,
0.423474274336855, 0.470753764285161, 0.414487886077911, 0.416399235711367, 0.516857690069987, 0.387007725475678,
0.481230602228675, 0.4734713186282, 0.356881921137698, 0.481786070405983, 0.468799042713233, 0.510582105793819,
0.436142379638226, 0.422891101159766, 0.457701714387256, 0.469036405437535, 0.515773272432346, 0.460435827968821,
0.410775110629091, 0.428201571221298, 0.39405869315179, 0.398864351913362, 0.430061431494899, 0.503090600248267,
0.452108652155971, 0.430346396854378, 0.450450011000382, 0.578028044775182, 0.501221843305479, 0.58812071827316,
0.515386618019, 0.507691406756007, 0.490223742106522, 0.397178313838425, 0.334973069766417, 0.353230360342953,
0.36345515322943, 0.362338958948011, 0.482683633085092, 0.475856255939931, 0.474066463767533, 0.410041538614817,
0.559956586827554, 0.488925421486521, 0.473307463347539, 0.404929245846325, 0.411600065156116, 0.458488213159364,
0.426340500906054, 0.494893459978775, 0.380486774727777, 0.39736285658799, 0.352222557297862, 0.500163054322007,
0.450344930885301, 0.428011229963645, 0.387801170471447, 0.534835809030602, 0.474872657511718, 0.359304932364488,
0.381581585550067, 0.415500647493484, 0.417456884996159, 0.389067657736346, 0.368816300572764, 0.409919611115011,
0.470621933426333, 0.378900020324076, 0.56091755837781, 0.420587254971653, 0.344829158697266, 0.397846298635479,
0.478670798754935, 0.391095190179498, 0.517763909136304, 0.414406451159156, 0.478900646816883, 0.538470603229582,
0.43026832591766, 0.360275273545907, 0.414628785561561, 0.463950386872266, 0.374137014849721, 0.4297552878138,
0.582037944305291, 0.490294160496677, 0.485581651154467, 0.490400024233691, 0.440531855235217, 0.429016232447198,
0.423868731313679, 0.408952302908388, 0.468230015794482, 0.40115195879993, 0.420393571655527, 0.33036326104275,
0.598311282502781, 0.427705037448997, 0.394647813585442, 0.519358167618101, 0.433104186584099, 0.523796241454432,
0.408060885679143, 0.474173881552295, 0.337798748221925, 0.496288107272162, 0.51402800511127, 0.475647558562867,
0.460805045743486, 0.483188077079266, 0.467783789609938, 0.448723416057305, 0.490626598303983, 0.394449470142667,
0.480653790182618, 0.419425379163486, 0.485376872663418, 0.458253869470121, 0.511553031374796, 0.419944191255278,
0.436108798442735, 0.473345484721667, 0.428098891050887, 0.472079872593546, 0.4747496493149, 0.330248486512086,
0.467135947397217, 0.524348889063244, 0.434922729961916, 0.444946306472999, 0.492726081865068, 0.42688606321992,
0.447037162557263, 0.361549158265738, 0.579915028444831, 0.41517367037571, 0.40553299283199, 0.364118034769375,
0.454492582654766, 0.405045770039801, 0.527693563821855, 0.406893608532811, 0.375871882264956, 0.487259589425944,
0.419272851301294, 0.375004034860266, 0.379998633012702, 0.444456703865531, 0.438997846222539, 0.425856935314979,
0.480496324583132, 0.475618037011024, 0.541197515483094, 0.614905096296673, 0.646671141480564, 0.664111384713116,
0.730522963653912, 0.636718494537232, 0.677856291757816, 0.716679660214816, 0.65424329505149, 0.65755100435998,
0.605093527838425, 0.657151976188994, 0.718814097921225, 0.692507373839097, 0.617364721322073, 0.665222282097864,
0.645103633339567, 0.580691396798095, 0.650241240839269, 0.619619588874571, 0.632518076074847, 0.596658199886736,
0.595680707084879, 0.66992464279864, 0.743816913759265, 0.63173372322942, 0.668087162143352, 0.685165875638895,
0.620964878203006, 0.549536121612958, 0.684754373696908, 0.584070651929894, 0.685118476455933, 0.705677656123506,
0.626408939927112, 0.629970575173231, 0.658379684679271, 0.570184927648545, 0.689015113564171, 0.627216162671684,
0.632380882775006, 0.594284947009313, 0.642887951249387, 0.58738268988605, 0.705047847608213, 0.662889388080658,
0.517488053906641, 0.638740061635084, 0.597761142317595, 0.664069092785788, 0.594609283433939, 0.600017382770833,
0.653130004198087, 0.63742183513296, 0.684241462609194, 0.648164972524336, 0.561291722289728, 0.68250115839192,
0.68485078894022, 0.676372791164461, 0.693129817509506, 0.564033591004959, 0.641866729651187, 0.649188787322689,
0.6919889625812, 0.632039898255934, 0.632030605134485, 0.62889026010236, 0.638612768154086, 0.568572374676872,
0.67126511566522, 0.674114837092727, 0.600809365230581, 0.574954821098496, 0.638413778259027, 0.742705260520146,
0.664451923357269, 0.744385035601966, 0.674893593501983, 0.692029735619306, 0.646267957955417, 0.566555684960575,
0.546200419929925, 0.556341926637514, 0.586068748061802, 0.54653438315785, 0.661420411440978, 0.668742683025628,
0.647748182286005, 0.585299673115972, 0.776550347895901, 0.691266957021856, 0.682868909337022, 0.650576030146729,
0.631145531364403, 0.648154530819157, 0.628818386848039, 0.710279380056839, 0.5811214441965, 0.647029087562679,
0.503575831993782, 0.686842230169487, 0.605328833749472, 0.641002998108611, 0.588853096002361, 0.712726561142177,
0.697258265335133, 0.535217495550329, 0.609753013621756, 0.581187807683106, 0.65613529982715, 0.609448556072884,
0.59534244951179, 0.587444920155566, 0.681677770491327, 0.593018208142079, 0.740784664439047, 0.619046118204595,
0.562380276725838, 0.542033639647124, 0.663104609813804, 0.563379379706337, 0.697385033223841, 0.574694625799235,
0.655742802413808, 0.720153972887272, 0.636655729078761, 0.564204370258633, 0.628515038183342, 0.658923263723493,
0.592893063003086, 0.599889230056175, 0.757564934570035, 0.656089091419455, 0.63916124756425, 0.689561189087098,
0.659130266488233, 0.607945485711064, 0.54771761510747, 0.582900948190719, 0.672859013265319, 0.641193273306574,
0.609119949522432, 0.547629087790316, 0.764176911476743, 0.63640565059325, 0.603275178905708, 0.672355909799026,
0.593000281592778, 0.730739792462726, 0.622222750911092, 0.674286013930065, 0.58944977384802, 0.728094877830681,
0.666922894278562, 0.667502559715848, 0.620747083334942, 0.685405717037383, 0.606532474455563, 0.620207808259594,
0.690120457270252, 0.559020889920505, 0.657706878498566, 0.627481834151041, 0.669060464087014, 0.651234776596448,
0.686715784936404, 0.594386759389594, 0.697715188965066, 0.673217129207831, 0.66528133339, 0.606398942937405,
0.67094148171887, 0.54072955866307, 0.693841958869889, 0.735170280898593, 0.674765989303791, 0.638992353697276,
0.69899408797726, 0.636572902861868, 0.672278164512166, 0.543745834200757, 0.777007560173729, 0.65296969523973,
0.607147450207682, 0.550240772909137, 0.631678829916778, 0.581254707385818, 0.712120982562539, 0.619653140126564,
0.580952458362673, 0.64429147198274, 0.594688033714033, 0.60787572533015, 0.604866525917503, 0.639066432186916,
0.600170470327477, 0.636915639546737, 0.681946769004498, 0.685179839032819, 0.737214961881376, 0.718740393522524,
0.766386033688342, 0.842121455296373, 0.856952465058669, 0.796636609849111, 0.818246449026913, 0.810419871324485,
0.78676940128001, 0.857217379856309, 0.778170035539707, 0.754584699181105, 0.857946487224213, 0.841720322807868,
0.763627271905781, 0.818139907805165, 0.804663523279999, 0.733298100543691, 0.8021294232699, 0.781358891283968,
