N_heights <- 6
heights <- 
c(1, 2, 3, 4, 5, 6)
N_drops <- 200
obs_t_fall <- 
structure(c(0.450416555381032, 0.494940326496265, 0.554473237129599, 0.405824552008493, 0.47161592588369,
0.470020697609238, 0.406243230866212, 0.448675693999602, 0.535957857488947, 0.421480278241042, 0.416523410659189,
0.457239671001689, 0.50216195968202, 0.554606007366645, 0.423239318102351, 0.449184681527972, 0.495162545008119,
0.508209948858696, 0.50440942296144, 0.556798437562383, 0.437754617819313, 0.477457529376202, 0.532939097518306,
0.407024017628475, 0.459177879472901, 0.455943915447675, 0.577026442271472, 0.445265346292374, 0.408552783838158,
0.491640013118565, 0.502236162841108, 0.467034826701709, 0.441892600356808, 0.457979054880975, 0.474744151496521,
0.486299476494551, 0.58457442242196, 0.443160371800716, 0.466843484823462, 0.433566412525386, 0.484864941800873,
0.432080174258443, 0.46967138639755, 0.516833526376583, 0.533972595567078, 0.394165888783344, 0.538115991207615,
0.483383485581039, 0.484598001848061, 0.537635031400448, 0.559451814013531, 0.537454859596936, 0.516564409118692,
0.438753587339015, 0.485872849441117, 0.545416145959817, 0.432099030876097, 0.445381770734155, 0.380515921767699,
0.55343589986475, 0.421899543251442, 0.559967378267525, 0.44664705325525, 0.450520875094335, 0.510210846874678,
0.566780737298958, 0.417586524824354, 0.56241063246233, 0.641460021139412, 0.480427199226196, 0.453577046428856,
0.485852930713272, 0.506005336379022, 0.457534688108846, 0.381434120342567, 0.513440620717964, 0.509910040818029,
0.542767818508574, 0.440585208939025, 0.576857599764167, 0.48553305572901, 0.482676484382268, 0.486529129817405,
0.444468591185775, 0.580614939389217, 0.483552350390542, 0.522178926164194, 0.47284510580373, 0.530022710330589,
0.457674042040532, 0.546335286643012, 0.510033017011516, 0.531610838047587, 0.45171747697543, 0.428516806183139,
0.513804974082572, 0.53247025034639, 0.474306118102001, 0.486535765020431, 0.400100921823516, 0.488568682691965,
0.466196515011449, 0.380192196476083, 0.554033142107043, 0.49640640089202, 0.582829095764222, 0.502731932497128,
0.389396642981208, 0.493112493684515, 0.529088891679166, 0.395377961764812, 0.426336408830119, 0.468622641487461,
0.578198224943958, 0.467984392854229, 0.479809661067729, 0.489885705620481, 0.397388857724201, 0.571680966466171,
0.454913609037158, 0.483071592376303, 0.474570086835825, 0.57846323172493, 0.471339456727168, 0.442404140901967,
0.443112467512933, 0.529773584628354, 0.458563883157719, 0.553470326417078, 0.562970441658247, 0.461148397954779,
0.456325871518924, 0.505774640231826, 0.458639972153511, 0.436426777412096, 0.485009701189074, 0.489216571727936,
0.602351417639266, 0.5194969967966, 0.535551314021204, 0.46677171355468, 0.521293687652748, 0.559701382668269,
0.499804724546481, 0.605944791007117, 0.443948114780738, 0.546281518841277, 0.494160103911987, 0.52472348422821,
0.55046074651393, 0.41787220663597, 0.461134667779558, 0.584529478422232, 0.511006691712539, 0.5285209363725,
0.465146566217839, 0.479790833556566, 0.485210639782455, 0.541043905662663, 0.594200888027608, 0.464198616720084,
0.406154752221118, 0.511567686984237, 0.492510023224065, 0.481144725509451, 0.570694726732619, 0.511736815913258,
0.518288075339094, 0.532707469359473, 0.491253918304502, 0.477090670581108, 0.444230814883355, 0.42599456244211,
0.613261403432493, 0.469932881311229, 0.580827384415502, 0.507289798357848, 0.496612566688072, 0.449958169029611,
0.486674091508768, 0.453954561837966, 0.499307698364356, 0.531065554705751, 0.532522304544209, 0.498027646110101,
0.588933926643508, 0.499138691362256, 0.515384164968008, 0.479037676396198, 0.397043934069238, 0.404614196578154,
0.543894286331922, 0.524186683109443, 0.508543091495969, 0.514608151259384, 0.450985759253546, 0.657210308453215,
0.434516379729828, 0.523513930028076, 0.408830530177097, 0.738968263034428, 0.76311747210109, 0.786206347034698,
0.708967936885959, 0.705059658581706, 0.763963423995751, 0.672197837567943, 0.719774435699692, 0.815399959043057,
0.683917289989598, 0.676590761928327, 0.759435603362785, 0.749177534887604, 0.838108035342037, 0.736481408479579,
0.683815529418127, 0.758454639014089, 0.776862219197188, 0.762498059348146, 0.808203823768075, 0.733238780249853,
0.78943233819783, 0.764138111404691, 0.670238871617847, 0.786014877108531, 0.719283580916571, 0.848799489106095,
0.721436989673576, 0.646151477443097, 0.774729324772277, 0.768017880424671, 0.74942497051941, 0.742374676513424,
0.779726911562809, 0.778377254356797, 0.724687565523167, 0.840236661164654, 0.709696026593969, 0.77799623108446,
0.709891192342862, 0.7451643944194, 0.749460966660731, 0.759499521851047, 0.794500508796554, 0.829813835335348,
0.695758609623201, 0.86118994491311, 0.743356928737547, 0.789544885204032, 0.831121627019264, 0.77153532143902,
0.840832738505016, 0.80843691033493, 0.719364333955102, 0.771968153561772, 0.807868266446702, 0.717597278970629,
0.732589201867679, 0.666879634380098, 0.793847083076664, 0.704342344911128, 0.87862868426388, 0.75720066503278,
0.754575709687158, 0.765724113996785, 0.890958098227329, 0.708523931837456, 0.83093115855378, 0.888161532539958,
0.77404193659192, 0.694303989659733, 0.732353706348838, 0.779810566560396, 0.755123811656411, 0.666254888351174,
0.795384978225491, 0.744815363537655, 0.770627219101222, 0.696176459688808, 0.867749320995524, 0.753444408083866,
0.79425686440073, 0.737528948460312, 0.733625458319502, 0.851774548234573, 0.784518363893446, 0.776230901035394,
0.755134805559168, 0.771531624956011, 0.717810814824254, 0.814577075323922, 0.725413096463067, 0.804077666170378,
0.74882990594706, 0.773289650656959, 0.769899127925549, 0.713930066777745, 0.768799703114412, 0.715886227581007,
0.6862109427368, 0.803330473175993, 0.781580297731029, 0.662591359177166, 0.839320358517375, 0.727455469714357,
0.869617453332612, 0.757797735572409, 0.690147261700464, 0.76329031563071, 0.826634381410775, 0.684651349167905,
0.680222353681623, 0.779448315312994, 0.809028653380686, 0.712407488515766, 0.673249625310853, 0.78800099445214,
0.711304478452798, 0.833969483474673, 0.74386237540676, 0.788845173417786, 0.724909040527159, 0.857936293963647,
0.75035708403858, 0.748520644358756, 0.671411386873236, 0.843525011759049, 0.718309852837061, 0.851680385251099,
0.807318379263208, 0.771022266703069, 0.748502274613251, 0.779104002190535, 0.766722955198741, 0.719009299905525,
0.714434716731726, 0.756991392968255, 0.871987534149021, 0.785476307959715, 0.795692190165421, 0.765603974092659,
0.791962059924123, 0.809180819877877, 0.757893145280229, 0.828126276826097, 0.716874593029729, 0.82797159746314,
0.725681746452716, 0.814854278256555, 0.811909440000184, 0.728132270209218, 0.76949193816001, 0.836805376107508,
0.794523741669511, 0.830965053550764, 0.696179313157433, 0.745879429433648, 0.76931127084927, 0.821635729879545,
0.881612098864484, 0.688906420378316, 0.647708140776578, 0.798092777616616, 0.777539656763587, 0.750132279471237,
0.851214364410676, 0.791632009133814, 0.823517901241592, 0.808723356466448, 0.75605126326201, 0.786881963970228,
0.702554064673514, 0.710826894419586, 0.852666027249826, 0.734201718323876, 0.862561660248651, 0.780494948386008,
0.777868695780886, 0.70396414605331, 0.749258301217466, 0.701060252439791, 0.83489142019159, 0.813161450378295,
0.776125707073544, 0.735841146751941, 0.822521852020523, 0.779026795202587, 0.828309346622406, 0.824311698262211,
0.700810891418685, 0.705243756680377, 0.771403424149746, 0.813027501615587, 0.769147091080884, 0.787212206934861,
0.767193765074519, 0.932217168926181, 0.701281711542218, 0.820439178072402, 0.739506960483721, 1.01979961960362,
1.01114237406342, 1.03451463187203, 0.923240617380432, 0.995042462844253, 0.974641938112677, 0.91039780508556,
0.971250668310453, 1.06422700067971, 0.941456166936392, 0.910462404747092, 1.03980487293405, 1.00710351163055,
1.04220858317649, 0.972251745464699, 0.941636053002434, 1.03500495088231, 1.02363859919981, 1.01927015903371,
