f <- 
c(0.440998630889568, 0.450113528572208, 0.459220531748511,
0.468386150742987, 0.477522389182751, 0.486707497792317, 0.495901522356518,
0.505063554129522, 0.514231670807323, 0.523393429557337, 0.532560082041499,
0.541693646377083, 0.550799414613551, 0.559887871347248, 0.568975253671284,
0.577992842405372, 0.586981009630044, 0.595940082787999, 0.604822087165705,
0.613678295728123, 0.622467700613111, 0.63121193515928, 0.639866706564528,
0.648500947085055, 0.65699587017455, 0.665470047379317, 0.673845303659412,
0.68213864419808, 0.690350664594978, 0.698461362268856, 0.706475456113386,
0.71439978268685, 0.72221699379815, 0.729896496206807, 0.737500249984223,
0.744984282435066, 0.752334841396508, 0.759580153713221, 0.766691618557087,
0.773696084477802, 0.780536249526486, 0.787216695655703, 0.793809348452454,
0.800224254696423, 0.806525611587488, 0.812639127249314, 0.818631802541575,
0.824437548430379, 0.830122528819711, 0.835619580317035, 0.840956005169428,
0.846147657779226, 0.851144137710375, 0.855966447428486, 0.860621061749517,
0.865133444125572, 0.869413703017997, 0.873532012167607, 0.8774606798301,
0.881215153126514, 0.884783141825246, 0.888141279113928, 0.891328930799176,
0.894304455590359, 0.897114207820085, 0.899668950237276, 0.902062172523685,
0.904270627241087, 0.906262032965433, 0.908016407123787, 0.909606580993232,
0.910952381659549, 0.912136082231694, 0.913083891226201, 0.913817588416103,
0.914354064156338, 0.914684273274808, 0.914799885804988, 0.914682663908806,
0.914405995088092, 0.913844104906138, 0.913107913020539, 0.91214129770275,
0.910977621619646, 0.909599843677094, 0.907991411216045, 0.906166465262581,
0.904150807577373, 0.901900195655592, 0.899437056899216, 0.896771652858331,
0.89388989028549, 0.890760564132166, 0.887480052867365, 0.883933193482793,
0.880201015454053, 0.876233787978016, 0.872063040745637, 0.867689549509843,
0.863147522858952, 0.858347445207988, 0.853364434750001, 0.848140788831843,
0.84273435299223, 0.837143971521031, 0.831323684003539, 0.82531690291629,
0.819124669115614, 0.812707202747267, 0.806110848978347, 0.799307692418198,
0.792299333259488, 0.78513592991293, 0.777759543867599, 0.770200201294441,
0.76245380939221, 0.754504677434783, 0.746399560456641, 0.738090528968404,
0.729617161051231, 0.720974932214026, 0.712131191968601, 0.703130511595182,
0.693957367005788, 0.684599850970258, 0.675098196633295, 0.665426441454813,
0.655584177812676, 0.645568972873561, 0.635405070799825, 0.625101579945131,
0.614600413618904, 0.603994507116641, 0.593224130281057, 0.582305186509429,
0.571241599618537, 0.560030680605631, 0.548709601793441, 0.537194936725099,
0.525563760023015, 0.513811766305797, 0.501916341451274, 0.489895308341103,
0.477740905232408, 0.465478839884346, 0.453055281535101, 0.440553293636007,
0.427919197800357, 0.415163217479623, 0.402304728120665, 0.389299185739124,
0.376237404598693, 0.363049232095951, 0.349754523201375, 0.336352164196644,
0.322860421264886, 0.309259762911199, 0.29555741093095, 0.28174320565832,
0.267881710440159, 0.253924064174265, 0.239842393030969, 0.22571991168785,
0.211469707722303, 0.197161161671468, 0.182770436390559, 0.16831251042199,
0.153762415873639, 0.139157467340887, 0.12447912648095, 0.109697802317693,
0.0948698964558944, 0.0800014932493078, 0.0650594053332998, 0.0500203424210416,
0.0349475605880928, 0.0198006206648848, 0.0046175697346401, -0.0106307247079471,
-0.0259364984836491, -0.0412773180433084, -0.056695609643915,
-0.0721388715316231, -0.0876217496702117, -0.103186103164137,
-0.118762791033454, -0.134400949677427, -0.150068978322725, -0.165788183774701,
-0.181534539897442, -0.197325204957429, -0.21312086087823, -0.228972796615347,
-0.244872865570119, -0.260783919421562, -0.276714695254208, -0.292698192319311,
-0.308683464813079, -0.324695852206906, -0.340738664019855, -0.35681885243808,
-0.3729086210516, -0.388991290497926, -0.405109355966865, -0.421271496429902,
-0.437428786920007, -0.453593147546906, -0.469751165340159, -0.485950428528867,
-0.502150087081882, -0.518336234450393, -0.534575007615506, -0.550801405957206,
-0.567009861125359, -0.583251785576448, -0.599471305873091, -0.615712854820804,
-0.631932039836004, -0.648150570442981, -0.664355242616748, -0.680575508069181,
-0.696809310936149, -0.713012996334283, -0.729198599509685, -0.745386992995865,
-0.761545146088299, -0.777695738263308, -0.793849470766866, -0.809984713244042,
-0.826054958859826, -0.842136251886581, -0.858200412420686, -0.874255338039878,
-0.890268354666833, -0.906235423137468, -0.92219465527221, -0.938124225331319,
-0.954045156225455, -0.969902112779062, -0.985730261307704, -1.0014996567155,
-1.01727197873553, -1.03297224228346, -1.04864080720884, -1.06425034716786,
-1.07986743719568, -1.09538601900943, -1.1108545956465, -1.12629634422089,
-1.14165765370106, -1.15697760871395, -1.17223346203803, -1.18744768746338,
-1.20256341692534, -1.21765821348842, -1.23264187015473, -1.24758329725341,
-1.26243141095952, -1.27722858423271, -1.29194613690973, -1.30657998641793,
-1.32112331374883, -1.33560069418698, -1.34998438119484, -1.36426233254591,
-1.3784905364091, -1.39260521578795, -1.40660778724836, -1.42054443104836,
-1.43434886705985, -1.44807806889773, -1.46167159313628, -1.47520218065296,
-1.48858430929948, -1.50185105326908, -1.51502249269606, -1.52806727047043,
-1.54100964521428, -1.55378990319671, -1.56645617342042, -1.57899534326669,
-1.5914058886762, -1.60368621192132, -1.6158353573735, -1.62783849169239,
-1.63968603646228, -1.65140651267586, -1.66296876782973, -1.67438681772932,
-1.68565455342124, -1.69675491174281, -1.70769552589723, -1.71849050721788,
-1.72913024425411, -1.73957196143581, -1.74986540292084, -1.7600200517199,
-1.76994838563807, -1.77973452052087, -1.78929541322635, -1.79873936515558,
-1.80793832895394, -1.81698461075098, -1.82585123396188, -1.83453842934667,
-1.84299310694211, -1.85126397125802, -1.85935439624473, -1.86724583790992,
-1.87491667706467, -1.88242732989798, -1.88969950896012, -1.89676790279212,
-1.90360942583338, -1.91025841018068, -1.9167218675413, -1.92293093870343,
-1.92896591539248, -1.93476745207216, -1.94034504667427, -1.94569600878125,
-1.95084792753295, -1.95576788674284, -1.96046563432445, -1.9649274008424,
-1.96917044806741, -1.97319772836156, -1.97699533152194, -1.98056113578255,
-1.98388488346208, -1.98700594819005, -1.98987029170949, -1.99252914110502,
-1.99493027026334, -1.99710463178787, -1.99908573069909, -2.00080341053223,
-2.00226021160655, -2.00355294225808, -2.00456821055308, -2.00536469547857,
-2.00594096525581, -2.00625990803197, -2.00637822868563, -2.00625076289865,
-2.00590411325819, -2.00530217960101, -2.00450835366032, -2.00345454894363,
-2.00221234125585, -2.00071946387698, -1.99899485785447, -1.99708849026016,
-1.99492956797904, -1.99256169376765, -1.98996498064642, -1.9871650480395,
-1.98415932570174, -1.98091796058748, -1.97748246306161, -1.97382557279204,
-1.96999168311209, -1.96591778223494, -1.96167793709093, -1.95718770871164,
-1.95254358938571, -1.9477181208336, -1.94266569909756, -1.93744611659473,
-1.93202305045493, -1.92642311340832, -1.92063558627571, -1.91468738773166,
-1.90857044106267, -1.90225309988302, -1.89576269053932, -1.88912860170349,
-1.88233813678983, -1.8754058513344, -1.86827946242462, -1.86103819177938,
-1.85360783827951, -1.84606651363163, -1.83839326914991, -1.83055842347505,
-1.82261233327157, -1.81451296449844, -1.80632384325827, -1.79797315988266,
-1.78952035667121, -1.78096362934965, -1.77231755256704, -1.76353843122532,
-1.75467044042047, -1.74567664187956, -1.73663234326242, -1.72748032963335,
-1.71825317831906, -1.70893415428692, -1.69956679476406, -1.69009184323349,
-1.68056672299995, -1.67100412597018, -1.66135461320791, -1.6516756901116,
-1.64194284154651, -1.63214460795587, -1.62230005934203, -1.61245648426369,
-1.6025708648388, -1.59265544464974, -1.58271515210204, -1.57274173566183,
-1.56276239860367, -1.55280314320625, -1.54280688655491, -1.53280797569755,
