N_obs <- 11
x_obs <- 
c(-10, -8, -6, -4, -2, 0, 2, 4, 6, 8, 10)
y_obs <- 
c(0.328572824089476, 4.20607004111644, 1.35507551134795,
0.161608755204364, -5.42320349780782, -3.05851276224202, -0.0764172642034502,
-4.55218472276499, -0.902226297922731, -5.8609833528976, -1.05854090910473)
N_predict <- 551
x_predict <- 
c(-11, -10.96, -10.92, -10.88, -10.84, -10.8, -10.76, -10.72,
-10.68, -10.64, -10.6, -10.56, -10.52, -10.48, -10.44, -10.4, -10.36, -10.32,
-10.28, -10.24, -10.2, -10.16, -10.12, -10.08, -10.04, -10, -9.96, -9.92, -9.88,
-9.84, -9.8, -9.76, -9.72, -9.68, -9.64, -9.6, -9.56, -9.52, -9.48, -9.44, -9.4,
-9.36, -9.32, -9.28, -9.24, -9.2, -9.16, -9.12, -9.08, -9.04, -9, -8.96, -8.92,
-8.88, -8.84, -8.8, -8.76, -8.72, -8.68, -8.64, -8.6, -8.56, -8.52, -8.48,
-8.44, -8.4, -8.36, -8.32, -8.28, -8.24, -8.2, -8.16, -8.12, -8.08, -8.04, -8,
-7.96, -7.92, -7.88, -7.84, -7.8, -7.76, -7.72, -7.68, -7.64, -7.6, -7.56,
-7.52, -7.48, -7.44, -7.4, -7.36, -7.32, -7.28, -7.24, -7.2, -7.16, -7.12,
-7.08, -7.04, -7, -6.96, -6.92, -6.88, -6.84, -6.8, -6.76, -6.72, -6.68, -6.64,
-6.6, -6.56, -6.52, -6.48, -6.44, -6.4, -6.36, -6.32, -6.28, -6.24, -6.2, -6.16,
-6.12, -6.08, -6.04, -6, -5.96, -5.92, -5.88, -5.84, -5.8, -5.76, -5.72, -5.68,
-5.64, -5.6, -5.56, -5.52, -5.48, -5.44, -5.4, -5.36, -5.32, -5.28, -5.24, -5.2,
-5.16, -5.12, -5.08, -5.04, -5, -4.96, -4.92, -4.88, -4.84, -4.8, -4.76, -4.72,
-4.68, -4.64, -4.6, -4.56, -4.52, -4.48, -4.44, -4.4, -4.36, -4.32, -4.28,
-4.24, -4.2, -4.16, -4.12, -4.08, -4.04, -4, -3.96, -3.92, -3.88, -3.84, -3.8,
-3.76, -3.72, -3.68, -3.64, -3.6, -3.56, -3.52, -3.48, -3.44, -3.4, -3.36,
-3.32, -3.28, -3.24, -3.2, -3.16, -3.12, -3.08, -3.04, -3, -2.96, -2.92, -2.88,
-2.84, -2.8, -2.76, -2.72, -2.68, -2.64, -2.6, -2.56, -2.52, -2.48, -2.44, -2.4,
-2.36, -2.32, -2.28, -2.24, -2.2, -2.16, -2.12, -2.08, -2.04, -2, -1.96, -1.92,
-1.88, -1.84, -1.8, -1.76, -1.72, -1.68, -1.64, -1.6, -1.56, -1.52, -1.48,
-1.44, -1.4, -1.36, -1.32, -1.28, -1.24, -1.2, -1.16, -1.12, -1.08, -1.04, -1,
-0.960000000000001, -0.92, -0.880000000000001, -0.84, -0.800000000000001, -0.76,
-0.720000000000001, -0.68, -0.640000000000001, -0.6, -0.56, -0.52, -0.48, -0.44,
-0.4, -0.359999999999999, -0.32, -0.279999999999999, -0.24, -0.199999999999999,
-0.16, -0.119999999999999, -0.0800000000000001, -0.0399999999999991, 0,
0.0399999999999991, 0.0800000000000001, 0.119999999999999, 0.16,
0.199999999999999, 0.24, 0.279999999999999, 0.32, 0.359999999999999, 0.4, 0.44,
0.48, 0.52, 0.56, 0.6, 0.640000000000001, 0.68, 0.720000000000001, 0.76,
0.800000000000001, 0.84, 0.880000000000001, 0.92, 0.960000000000001, 1, 1.04,
1.08, 1.12, 1.16, 1.2, 1.24, 1.28, 1.32, 1.36, 1.4, 1.44, 1.48, 1.52, 1.56, 1.6,
1.64, 1.68, 1.72, 1.76, 1.8, 1.84, 1.88, 1.92, 1.96, 2, 2.04, 2.08, 2.12, 2.16,
2.2, 2.24, 2.28, 2.32, 2.36, 2.4, 2.44, 2.48, 2.52, 2.56, 2.6, 2.64, 2.68, 2.72,
2.76, 2.8, 2.84, 2.88, 2.92, 2.96, 3, 3.04, 3.08, 3.12, 3.16, 3.2, 3.24, 3.28,
3.32, 3.36, 3.4, 3.44, 3.48, 3.52, 3.56, 3.6, 3.64, 3.68, 3.72, 3.76, 3.8, 3.84,
3.88, 3.92, 3.96, 4, 4.04, 4.08, 4.12, 4.16, 4.2, 4.24, 4.28, 4.32, 4.36, 4.4,
4.44, 4.48, 4.52, 4.56, 4.6, 4.64, 4.68, 4.72, 4.76, 4.8, 4.84, 4.88, 4.92,
4.96, 5, 5.04, 5.08, 5.12, 5.16, 5.2, 5.24, 5.28, 5.32, 5.36, 5.4, 5.44, 5.48,
5.52, 5.56, 5.6, 5.64, 5.68, 5.72, 5.76, 5.8, 5.84, 5.88, 5.92, 5.96, 6, 6.04,
6.08, 6.12, 6.16, 6.2, 6.24, 6.28, 6.32, 6.36, 6.4, 6.44, 6.48, 6.52, 6.56, 6.6,
6.64, 6.68, 6.72, 6.76, 6.8, 6.84, 6.88, 6.92, 6.96, 7, 7.04, 7.08, 7.12, 7.16,
7.2, 7.24, 7.28, 7.32, 7.36, 7.4, 7.44, 7.48, 7.52, 7.56, 7.6, 7.64, 7.68, 7.72,
7.76, 7.8, 7.84, 7.88, 7.92, 7.96, 8, 8.04, 8.08, 8.12, 8.16, 8.2, 8.24, 8.28,
8.32, 8.36, 8.4, 8.44, 8.48, 8.52, 8.56, 8.6, 8.64, 8.68, 8.72, 8.76, 8.8, 8.84,
8.88, 8.92, 8.96, 9, 9.04, 9.08, 9.12, 9.16, 9.2, 9.24, 9.28, 9.32, 9.36, 9.4,
9.44, 9.48, 9.52, 9.56, 9.6, 9.64, 9.68, 9.72, 9.76, 9.8, 9.84, 9.88, 9.92,
9.96, 10, 10.04, 10.08, 10.12, 10.16, 10.2, 10.24, 10.28, 10.32, 10.36, 10.4,
10.44, 10.48, 10.52, 10.56, 10.6, 10.64, 10.68, 10.72, 10.76, 10.8, 10.84,
10.88, 10.92, 10.96, 11)
