x <- 1.71840682486072
y <- 2.10374728505632
