N <- 1
x <- 
structure(c(0.601925903465599),
.Dim = c(1))
y <- 
structure(c(1.68744533921139),
.Dim = c(1))
