x <- 0.530476465355605
y <- 0.645430263620489
