x <- 
c(0.979208154603839, 0.321796398609877, 1.27675720537081,
0.681638996116817, 0.865500372834504, 1.03065425576642, 1.637798035983,
0.930281752254814, 1.04707835242152, 1.8049994953908)
y <- 
c(9.05769602129545, 10.4571713625569, 9.62623116577445,
9.48803009750396, 9.50965220235356, 9.97978663306107, 8.20623889056586,
9.17729402392336, 10.7868630921631, 9.04817035215751)
