N <- 5
x <- 
structure(c(1.9533451301977, 1.45806594984606, 1.50279446737841,
0.619953213725239, 1.30562718352303),
.Dim = c(5))
y <- 
structure(c(1.81753841278482, -1.63774445540184, 0.440708630332376,
0.323529288962711, -1.49512560753898),
.Dim = c(5))
