N <- 5
x <- 
structure(c(0.34953218139708, 1.9757450981997, 1.400617019739,
1.77984807640314, 0.341389302629977),
.Dim = c(5))
y <- 
structure(c(0.0740521487952756, 1.83848696699437, 1.18098700264012,
0.747034227858564, 1.65773368265767),
.Dim = c(5))
