N <- 10
x <- 
c(0.349636451341212, 1.9279746459797, 1.73994478303939,
0.503985898569226, 1.75281602842733, 0.615063255187124, 0.576197634451091,
0.194823337253183, 1.52834004722536, 1.92866901960224)
y <- 
c(9.09136731699194, 10.0075677285646, 9.57861126650116,
8.85724402895864, 10.9619093654473, 9.87614859355427, 12.7028871095718,
9.96309570600641, 8.11797278059695, 10.7455287312825)
