N <- 10
x <- 
c(1.6221217806451, 1.40056638699025, 0.321821865160018,
0.122093981131911, 0.261128041427583, 1.19087645877153, 1.30967373074964,
0.407469162717462, 1.285713782534, 0.385654212441295)
y <- 
c(8.60829966546961, 9.86039170588899, 8.82089639115349,
10.1544255305204, 10.9184525116587, 9.4213711451045, 8.540239290705,
11.3383076721801, 7.99598697540697, 10.8116143188843)
