N <- 10
x <- 
c(0.628176093567163, 0.687305003870279, 1.85026827827096,
1.82842271355912, 0.104845540132374, 1.56382266012952, 0.00290869735181332,
0.414832917507738, 1.3964309846051, 0.884493213146925)
y <- 
c(11.5447048901402, 9.12933743017644, 9.40969383197684,
10.8221146933821, 9.99397681998053, 8.3552981524886, 7.63776888489532,
10.0243436302317, 9.20429585522432, 10.2440317217462)
