xs <- 
c(1, 0.93225398432418, 0.910743538482855, 0.984363836254946,
0.960485682933546, 0.958666618799303, 1.0021729812189, 1.03612578982972,
1.12084208586969, 1.14156735880876, 1.19552137125842, 1.26043913876735,
1.25732662386186, 1.21047731075091, 1.18981518389203, 1.21260293201557,
1.15635943918161, 1.23450816892893, 1.15494593126197, 1.1384335382818,
1.11913389340313, 1.08625021790589, 1.16384370799033, 1.22580340380627,
1.24278419738197, 1.239706783454, 1.26021250954563, 1.16505572369994,
1.19757043318133, 1.25100146526071, 1.18513760479568, 1.17364225168666,
1.16747293455095, 1.12823085226822, 1.27757618892518, 1.30521380765415,
1.2534351036689, 1.22476167694607, 1.27979222140873, 1.26040386557824,
1.29120530145995, 1.35851392957618, 1.3789983341113, 1.35472665178261,
1.25696939129308, 1.21723008848266, 1.14147895262044, 1.09779126871082,
1.07643806724075, 1.11824665168709, 1.15124777546676, 1.19540836362658,
1.17721506057084, 1.14153107364028, 1.17630857552186, 1.15869910204014,
1.16419708311782, 1.07632482504, 1.06064795352088, 1.06338164219994,
1.06132018788153, 1.08601050491799, 0.999233552942746, 0.946081265756096,
0.954193367008775, 0.928726264806115, 0.968981148225824, 0.948124783506983,
0.997334194879111, 0.94790795200379, 0.990480515434597, 0.996295568918732,
1.0108030147846, 0.936865837746183, 0.892115798114958, 0.906350722029468,
0.969938695229934, 0.925963189340697, 0.921471921335702, 0.859241563250336,
0.88334667823508, 0.880129527861665, 0.87327368835292, 0.907781121241522,
0.933307874603655, 1.00648432025268, 1.08459910929156, 1.11617740424678,
1.17725667182083, 1.16997086663298, 1.13452742761607, 1.09140569919996,
1.19699797046011, 1.20201144917046, 1.18044637717201, 1.18840933489331,
1.22093611161947, 1.20926069217605, 1.20868261460347, 1.24096827734452,
1.22823658631455, 1.29699436850963, 1.34212224417755, 1.34993400339537,
1.35228440412506, 1.34957266421768, 1.31070468308369, 1.36816203348824,
1.39578321114279, 1.43836176714387, 1.47268861526426, 1.48646569059758,
1.52532183755182, 1.53593956888368, 1.53439517533225, 1.49558646349472,
1.51295215378548, 1.53022873052499, 1.57352351582372, 1.52432997614394,
1.46874660132399, 1.44598856663116, 1.41220502876284, 1.45937843935387,
1.43704279039617, 1.46178341696185, 1.41334593738875, 1.46757778396861,
1.436728968866, 1.39532707677737, 1.44129511477416, 1.40954761599519,
1.39480005498777, 1.39838557965448, 1.4019003890105, 1.27507263263257,
1.25647103608907, 1.27187082874997, 1.28923166482533, 1.31154085959479,
1.2512145331821, 1.22967622588686, 1.2270938458594, 1.1928245512835,
1.10098419850801, 1.07216086923443, 1.05371903962394, 1.03958213300307,
1.04515380199583, 1.07360298831319, 1.05281035826033, 1.02047715403472,
1.00096846711839, 0.960136182049517, 1.03726643602948, 1.04272368109394,
0.978030320643719, 0.982155909631414, 0.966904296999194, 0.956114419288619,
0.993129744424526, 1.02631385837576, 1.01531215722412, 1.0069350961069,
0.984073337469247, 0.984263974090333, 0.942423673275748, 0.904855329520308,
0.886170149051227, 0.912361661731291, 0.839022352821833, 0.920932244741619,
0.898963625678107, 0.898388144650899, 0.909125954896198, 0.962044089686844,
0.952109926309383, 1.01649307542872, 1.09072211619279, 1.07637597063783,
1.03460475732838, 1.01755295450884, 1.04075724763757, 1.02320137663292,
1.04361037473931, 1.02532937048178, 1.01059772523052, 1.01925993648708,
1.00472123166863, 1.02235718684122, 1.02410220442863, 1.0399862809793,
1.07841150444015, 1.10588458849682, 1.06146034005716, 0.985912441266699,
0.946047262605799, 0.853890024594996, 0.864740833769426, 0.955439366702319,
0.977789924968979, 1.00613177602019, 1.09651905612919, 1.02373442316664,
0.949599485184835, 1.06319787997562, 1.09142643520995, 1.08556173115338,
1.11180430498519, 1.05179494161932, 0.934708782301425, 0.997841298836102,
0.983786851182521, 0.996527262209256, 1.03205018267643, 1.00985959119938,
1.10578474042789, 1.11793393608379, 1.03791455802814, 0.987002527833261,
0.96477555769634, 1.02940189334577, 1.05967530898678, 0.98848747923518,
1.06897406200847, 1.04330139651258, 1.01733202266221, 0.939904873527164,
0.936479157113095, 0.904411372650929, 0.883207328750397, 0.797087998045291,
0.83122928529798, 0.797067531272327, 0.758147947231898, 0.717310222687068,
0.756286232915577, 0.731636421143099, 0.689857777176759, 0.682352828724872,
0.749036896385142, 0.747823545883138, 0.728026781394634, 0.722151279420124,
0.679232140268148, 0.65248939442139, 0.552003885352484, 0.547136597864811,
0.510369902373711, 0.537125326665586, 0.480948043521634, 0.527841239032753,
0.575010009404607, 0.63176617722243, 0.581926436077585, 0.536427718303231,
0.510696542949644, 0.519632960213501, 0.530282094092826, 0.51799476573301,
0.525691435965539, 0.548021590907887, 0.604066386317422, 0.60919704711788,
0.571951744398051, 0.603751896026488, 0.676755769711977, 0.694155375344707,
0.657899339882331, 0.665614801837747, 0.633631372176161, 0.681997695398066,
0.723771250974839, 0.732180038931854, 0.702626359134001, 0.672364677305502,
0.722795495751309, 0.720348463507083, 0.662005807784057, 0.676471115362457,
0.694231453340103, 0.633185092101336, 0.609038759854976, 0.619125926303924,
0.625840573123287, 0.591072922220589, 0.530049587062963, 0.467855885438906,
0.503944110115242, 0.548798175442793, 0.54066184344262, 0.590708390806193,
0.593836207073959, 0.554970631850458, 0.500268713273513, 0.539628921747167,
0.522434639199113, 0.516224820398265, 0.614554324258158, 0.581549208259597,
0.62736371495322, 0.634608381092035, 0.588911685221659, 0.650024796832263,
0.616174683595322, 0.606853819710745, 0.647873254602771, 0.686237617737961,
0.7154017937017, 0.699900339833463, 0.729106196228726, 0.678923619233336,
0.715472641665075, 0.747422824684741, 0.70617050120656, 0.693744609062603,
0.622355348606272, 0.569042677829285, 0.581458474970578, 0.613207460440746,
0.642186038252391, 0.659136527175052, 0.737411795065935, 0.659986231027497,
0.659359722984729, 0.621897575708628, 0.603096348208754, 0.617033463925227,
0.68278036989748, 0.717010301266551, 0.693652888787069, 0.605202414093488,
0.546718487990716, 0.555914568122699, 0.52170080182344, 0.51658626017795,
0.489351295252522, 0.420378238733756, 0.347567743875714, 0.352097312380559,
0.362707284367102, 0.333506794734295, 0.330658603472371, 0.280348603766082,
0.31214051081851, 0.289938481109862, 0.297047547297731, 0.28050523517129,
0.205319300654288, 0.167677459872352, 0.112056584189378, 0.0358832566079102,
0.00518778820525543, -0.0109577940846873, -0.0380189482948383,
-0.129048549941482, -0.232961034316764, -0.189020952496727, -0.199958046135072,
-0.197427324497674, -0.177424281566889, -0.271641223185455, -0.332437963607554,
-0.450431429889943, -0.495434566198455, -0.520241242113964, -0.529336454682313,
-0.529947326730525, -0.401648393081624, -0.460613170961044, -0.469257022229068,
-0.524028010166795, -0.50837793895147, -0.480735122939802, -0.47249108596491,
-0.536525280366494, -0.534887848150976, -0.490322080224954, -0.531853148224102,
-0.527717632035373, -0.557725560432174, -0.575450820043861, -0.503687206812665,
-0.589914241709152, -0.592195810223266, -0.634995387675488, -0.663379954779928,
-0.676583744863023, -0.646829404902938, -0.665405789055637, -0.696311967363036,
-0.704295059209974, -0.671146948184236, -0.634509636256908, -0.66562906954552,
-0.635923168405927, -0.66455227108954, -0.632868279671567, -0.658288670228538,
-0.611350326699308, -0.664955534725048, -0.589525326651266, -0.607777337382025,
-0.593546766252638, -0.664707578842077, -0.693451639047886, -0.610392406941086,
-0.577431706973097, -0.603195914599682, -0.541083021658447, -0.54744797918059,
-0.502043702593216, -0.540400220282147, -0.631136480139666, -0.617538139933917,
-0.643817025094473, -0.68032302820874, -0.647419967895315, -0.611533507929599,
-0.606589544958429, -0.625255472629934, -0.618602652999244, -0.580783750577991,
-0.507686350788261, -0.54677839154504, -0.532279966761994, -0.510530878696679,
